# Synthetic 2D MT data written in Matlab by Wuph
# Period(s) Code GG_Lat GG_Lon X(m) Y(m) Z(m) Component Real Imag Error
> TE_Impedance
> exp(-i\omega t)
> [mV/km]/[nT]
> 0.00
> 0.000 0.000
> 20 21
1.438450E+01 103    0.000    0.000        0.000  2452171.567   0.000 TE   -5.685542E-02    1.186328E+00    5.886263E+00
2.069138E+01 103    0.000    0.000        0.000  2452171.567   0.000 TE   -8.741658E-02    9.143435E-01    4.844507E+00
2.976351E+01 103    0.000    0.000        0.000  2452171.567   0.000 TE    5.048436E-01    9.008673E-01    6.992209E-01
4.281332E+01 103    0.000    0.000        0.000  2452171.567   0.000 TE    4.477985E-01    5.957371E-01    1.629015E+00
6.158482E+01 103    0.000    0.000        0.000  2452171.567   0.000 TE    1.853107E+00    2.512098E-01    7.883950E+00
8.858668E+01 103    0.000    0.000        0.000  2452171.567   0.000 TE    3.049089E-01    4.124939E-01    4.954173E-01
1.274275E+02 103    0.000    0.000        0.000  2452171.567   0.000 TE    4.317842E-01    6.421483E-01    3.540518E+00
1.832981E+02 103    0.000    0.000        0.000  2452171.567   0.000 TE    6.437585E-01    5.084938E-02    2.651748E+00
2.636651E+02 103    0.000    0.000        0.000  2452171.567   0.000 TE   -6.953695E-02    3.469893E-01    1.891840E+00
3.792690E+02 103    0.000    0.000        0.000  2452171.567   0.000 TE    5.521015E-02    1.890827E-01    3.384109E-01
5.455595E+02 103    0.000    0.000        0.000  2452171.567   0.000 TE    2.924485E-01    1.742325E-01    4.524950E-01
7.847600E+02 103    0.000    0.000        0.000  2452171.567   0.000 TE    1.334962E-01    4.277785E-02    3.280517E-01
1.128838E+03 103    0.000    0.000        0.000  2452171.567   0.000 TE    2.756548E-01   -1.942930E-01    9.372155E-01
1.623777E+03 103    0.000    0.000        0.000  2452171.567   0.000 TE    7.477921E-02    1.805045E-02    1.551199E-01
2.335721E+03 103    0.000    0.000        0.000  2452171.567   0.000 TE    2.073308E-02    6.242749E-03    2.275598E-01
3.359818E+03 103    0.000    0.000        0.000  2452171.567   0.000 TE    5.425465E-02    6.762630E-02    3.961358E-01
4.832930E+03 103    0.000    0.000        0.000  2452171.567   0.000 TE    3.978220E-04    5.558530E-02    3.487371E-01
6.951928E+03 103    0.000    0.000        0.000  2452171.567   0.000 TE    5.791793E-02    8.660956E-02    2.198870E-01
1.000000E+04 103    0.000    0.000        0.000  2452171.567   0.000 TE   -8.650759E-03   -7.837636E-03    3.373100E-01
2.069138E+01 106    0.000    0.000        0.000  2519609.814   0.000 TE    5.242587E-01    4.269220E-01    1.148601E+00
2.976351E+01 106    0.000    0.000        0.000  2519609.814   0.000 TE    5.724795E-01    5.331597E-01    4.743025E-01
4.281332E+01 106    0.000    0.000        0.000  2519609.814   0.000 TE    2.445495E-01    6.046739E-01    1.514702E+00
6.158482E+01 106    0.000    0.000        0.000  2519609.814   0.000 TE    4.082353E-01    3.823320E-01    1.463784E+00
8.858668E+01 106    0.000    0.000        0.000  2519609.814   0.000 TE    4.258116E-01    3.266904E-01    4.645284E-01
1.274275E+02 106    0.000    0.000        0.000  2519609.814   0.000 TE    2.631223E-01    4.542118E-01    2.653942E+00
1.832981E+02 106    0.000    0.000        0.000  2519609.814   0.000 TE    2.223745E-01    2.793928E-01    1.395084E+00
2.636651E+02 106    0.000    0.000        0.000  2519609.814   0.000 TE    2.281077E-01    2.588963E-01    8.647578E-01
3.792690E+02 106    0.000    0.000        0.000  2519609.814   0.000 TE    1.542060E-01    1.761659E-01    4.242479E-01
5.455595E+02 106    0.000    0.000        0.000  2519609.814   0.000 TE    1.685399E-01    1.498255E-01    3.544960E-01
7.847600E+02 106    0.000    0.000        0.000  2519609.814   0.000 TE    1.351495E-01    1.201540E-01    2.388790E-01
1.128838E+03 106    0.000    0.000        0.000  2519609.814   0.000 TE    6.000577E-02    9.472905E-02    6.198610E-01
1.623777E+03 106    0.000    0.000        0.000  2519609.814   0.000 TE    6.501853E-02    1.000447E-01    1.984857E-01
2.335721E+03 106    0.000    0.000        0.000  2519609.814   0.000 TE   -2.114199E-02    3.950493E-02    2.370042E-01
3.359818E+03 106    0.000    0.000        0.000  2519609.814   0.000 TE   -1.207254E-01   -9.739474E-03    5.825566E-01
4.832930E+03 106    0.000    0.000        0.000  2519609.814   0.000 TE   -4.184884E-02    1.525442E-01    3.133214E-01
6.951928E+03 106    0.000    0.000        0.000  2519609.814   0.000 TE    2.862150E-01    9.715888E-05    1.884634E-01
1.000000E+04 106    0.000    0.000        0.000  2519609.814   0.000 TE    1.119742E-01    4.358698E-02    4.426636E-01
1.000000E+01 112    0.000    0.000        0.000  2638919.745   0.000 TE   -4.863614E-01    5.560457E-12    2.732269E+00
2.976351E+01 112    0.000    0.000        0.000  2638919.745   0.000 TE    1.488393E+00    1.461026E+00    1.884172E+00
8.858668E+01 112    0.000    0.000        0.000  2638919.745   0.000 TE    1.092881E+00    8.529930E-01    2.056104E+00
2.636651E+02 112    0.000    0.000        0.000  2638919.745   0.000 TE    5.363110E-01    6.980059E-01    4.575550E+00
3.792690E+02 112    0.000    0.000        0.000  2638919.745   0.000 TE    4.504346E-01    5.002563E-01    1.652850E+00
5.455595E+02 112    0.000    0.000        0.000  2638919.745   0.000 TE    3.144659E-01    3.705001E-01    1.379714E+00
7.847600E+02 112    0.000    0.000        0.000  2638919.745   0.000 TE    2.352739E-01    3.885961E-01    8.806764E-01
1.128838E+03 112    0.000    0.000        0.000  2638919.745   0.000 TE    2.206839E-01    3.109809E-01    9.314417E-01
1.623777E+03 112    0.000    0.000        0.000  2638919.745   0.000 TE    1.472063E-01    2.421632E-01    4.203309E-01
2.335721E+03 112    0.000    0.000        0.000  2638919.745   0.000 TE    8.919835E-02    1.659117E-01    5.910434E-01
3.359818E+03 112    0.000    0.000        0.000  2638919.745   0.000 TE    1.449015E-01    1.680209E-01    1.887097E+00
4.832930E+03 112    0.000    0.000        0.000  2638919.745   0.000 TE    1.103161E-02    6.583918E-02    4.929937E-01
6.951928E+03 112    0.000    0.000        0.000  2638919.745   0.000 TE    5.339277E-02    1.235680E-01    2.787523E-01
1.000000E+04 112    0.000    0.000        0.000  2638919.745   0.000 TE   -9.380501E-02    1.019948E-02    4.772457E-01
1.000000E+01 115    0.000    0.000        0.000  2700339.113   0.000 TE    3.930643E+00    8.414566E-12    6.816866E+00
2.069138E+01 115    0.000    0.000        0.000  2700339.113   0.000 TE    9.918637E-01    1.133492E+00    7.320592E+00
2.976351E+01 115    0.000    0.000        0.000  2700339.113   0.000 TE    6.807437E-01    5.732645E-01    1.625135E+00
4.281332E+01 115    0.000    0.000        0.000  2700339.113   0.000 TE    6.512180E-01    3.684364E-01    3.455923E+00
6.158482E+01 115    0.000    0.000        0.000  2700339.113   0.000 TE    9.958209E-01    4.331560E-01    8.345144E+00
8.858668E+01 115    0.000    0.000        0.000  2700339.113   0.000 TE    6.052366E-01    5.634845E-01    1.112337E+00
1.832981E+02 115    0.000    0.000        0.000  2700339.113   0.000 TE    4.480758E-01    3.690723E-01    5.116934E+00
2.636651E+02 115    0.000    0.000        0.000  2700339.113   0.000 TE    2.388230E-01    4.082556E-01    2.182991E+00
3.792690E+02 115    0.000    0.000        0.000  2700339.113   0.000 TE    2.733956E-01    2.872411E-01    1.263320E+00
5.455595E+02 115    0.000    0.000        0.000  2700339.113   0.000 TE    2.146564E-01    1.036032E-01    3.714735E+00
7.847600E+02 115    0.000    0.000        0.000  2700339.113   0.000 TE    9.616727E-02    2.131492E-01    4.385248E-01
1.128838E+03 115    0.000    0.000        0.000  2700339.113   0.000 TE    8.427536E-02    1.834887E-01    3.851140E-01
1.623777E+03 115    0.000    0.000        0.000  2700339.113   0.000 TE    4.568694E-02    1.319237E-01    2.518645E-01
2.335721E+03 115    0.000    0.000        0.000  2700339.113   0.000 TE    3.112272E-02    8.932275E-02    2.568449E-01
3.359818E+03 115    0.000    0.000        0.000  2700339.113   0.000 TE    3.154521E-02    6.547124E-02    5.203712E-01
4.832930E+03 115    0.000    0.000        0.000  2700339.113   0.000 TE    1.561739E-02    4.249503E-02    1.876562E-01
6.951928E+03 115    0.000    0.000        0.000  2700339.113   0.000 TE    2.152552E-02    5.351748E-02    1.056880E-01
1.000000E+04 115    0.000    0.000        0.000  2700339.113   0.000 TE   -2.232924E-02   -6.707999E-03    2.422332E-01
2.976351E+01 121    0.000    0.000        0.000  2822024.227   0.000 TE    1.525156E+01    8.532284E+00    7.956536E+00
8.858668E+01 121    0.000    0.000        0.000  2822024.227   0.000 TE    9.848192E+00    8.199196E+00    9.445928E+00
7.847600E+02 121    0.000    0.000        0.000  2822024.227   0.000 TE    2.143821E+00    2.800906E+00    4.071930E+00
1.128838E+03 121    0.000    0.000        0.000  2822024.227   0.000 TE    7.502263E-01    2.733890E+00    3.402735E+00
1.623777E+03 121    0.000    0.000        0.000  2822024.227   0.000 TE    6.702714E-01    1.599150E+00    2.466132E+00
2.335721E+03 121    0.000    0.000        0.000  2822024.227   0.000 TE    8.773955E-01    1.561641E+00    3.453970E+00
3.359818E+03 121    0.000    0.000        0.000  2822024.227   0.000 TE    9.017177E-01    3.822997E-01    4.139141E+00
4.832930E+03 121    0.000    0.000        0.000  2822024.227   0.000 TE    3.581503E-02    7.372038E-01    1.580813E+00
6.951928E+03 121    0.000    0.000        0.000  2822024.227   0.000 TE    1.727861E-01    7.844884E-01    8.727505E-01
1.000000E+04 121    0.000    0.000        0.000  2822024.227   0.000 TE   -1.004494E+00   -4.861311E-02    2.940072E+00
1.000000E+01 127    0.000    0.000        0.000  2945049.118   0.000 TE    2.142726E+01   -4.917437E-13    8.787595E-01
1.438450E+01 127    0.000    0.000        0.000  2945049.118   0.000 TE    1.324066E+01    4.539957E+00    3.284934E-01
2.069138E+01 127    0.000    0.000        0.000  2945049.118   0.000 TE    1.219186E+01    5.061748E+00    4.511639E-01
2.976351E+01 127    0.000    0.000        0.000  2945049.118   0.000 TE    1.072870E+01    5.461182E+00    1.887569E-01
4.281332E+01 127    0.000    0.000        0.000  2945049.118   0.000 TE    8.912269E+00    5.620219E+00    1.053638E-01
6.158482E+01 127    0.000    0.000        0.000  2945049.118   0.000 TE    7.601265E+00    5.564411E+00    1.130521E-01
8.858668E+01 127    0.000    0.000        0.000  2945049.118   0.000 TE    5.968594E+00    5.035153E+00    9.580527E-02
1.274275E+02 127    0.000    0.000        0.000  2945049.118   0.000 TE    4.731740E+00    4.659495E+00    1.110507E-01
1.832981E+02 127    0.000    0.000        0.000  2945049.118   0.000 TE    3.427635E+00    4.137331E+00    1.189508E-01
2.636651E+02 127    0.000    0.000        0.000  2945049.118   0.000 TE    2.769103E+00    3.491739E+00    9.919746E-02
3.792690E+02 127    0.000    0.000        0.000  2945049.118   0.000 TE    1.974314E+00    2.857283E+00    1.007468E-01
5.455595E+02 127    0.000    0.000        0.000  2945049.118   0.000 TE    1.491510E+00    2.198219E+00    8.914393E-02
7.847600E+02 127    0.000    0.000        0.000  2945049.118   0.000 TE    1.171759E+00    1.872276E+00    1.507081E-01
1.128838E+03 127    0.000    0.000        0.000  2945049.118   0.000 TE    8.251418E-01    1.474253E+00    7.787902E-02
1.623777E+03 127    0.000    0.000        0.000  2945049.118   0.000 TE    5.440751E-01    1.207970E+00    7.972606E-02
2.335721E+03 127    0.000    0.000        0.000  2945049.118   0.000 TE    5.372658E-01    9.221595E-01    8.409823E-02
3.359818E+03 127    0.000    0.000        0.000  2945049.118   0.000 TE    4.232640E-01    6.554917E-01    6.829738E-02
4.832930E+03 127    0.000    0.000        0.000  2945049.118   0.000 TE    1.665900E-01    6.313160E-01    1.434025E-01
6.951928E+03 127    0.000    0.000        0.000  2945049.118   0.000 TE    1.588970E-01    4.409178E-01    4.644290E-02
1.000000E+04 127    0.000    0.000        0.000  2945049.118   0.000 TE    1.880404E-01    3.917592E-01    3.001799E-01
1.000000E+01 130    0.000    0.000        0.000  2999084.073   0.000 TE    2.423161E-01    2.223288E-14    4.423951E-02
1.438450E+01 130    0.000    0.000        0.000  2999084.073   0.000 TE    7.983361E-01    7.207416E-01    5.354112E-02
2.069138E+01 130    0.000    0.000        0.000  2999084.073   0.000 TE    8.793173E-01    7.114645E-01    6.461131E-02
2.976351E+01 130    0.000    0.000        0.000  2999084.073   0.000 TE    6.714703E-01    7.540249E-01    3.537548E-02
4.281332E+01 130    0.000    0.000        0.000  2999084.073   0.000 TE    4.298523E-01    7.311167E-01    2.245501E-02
6.158482E+01 130    0.000    0.000        0.000  2999084.073   0.000 TE    1.636678E-01    6.647876E-01    1.943894E-02
8.858668E+01 130    0.000    0.000        0.000  2999084.073   0.000 TE    1.507843E-03    4.708872E-01    1.764791E-02
1.274275E+02 130    0.000    0.000        0.000  2999084.073   0.000 TE   -5.230728E-02    2.546935E-01    1.684407E-02
1.832981E+02 130    0.000    0.000        0.000  2999084.073   0.000 TE   -1.037769E-01    1.908377E-01    2.118466E-02
2.636651E+02 130    0.000    0.000        0.000  2999084.073   0.000 TE   -6.137301E-02    1.022196E-01    1.789595E-02
3.792690E+02 130    0.000    0.000        0.000  2999084.073   0.000 TE   -7.621431E-02    3.449930E-02    2.334531E-02
5.455595E+02 130    0.000    0.000        0.000  2999084.073   0.000 TE   -3.740250E-02   -2.462984E-03    2.207353E-02
7.847600E+02 130    0.000    0.000        0.000  2999084.073   0.000 TE   -2.619704E-03   -1.762987E-02    3.302083E-02
1.128838E+03 130    0.000    0.000        0.000  2999084.073   0.000 TE    8.779635E-03    1.798192E-03    2.692431E-02
1.623777E+03 130    0.000    0.000        0.000  2999084.073   0.000 TE   -7.762768E-02    1.647009E-02    2.264297E-02
2.335721E+03 130    0.000    0.000        0.000  2999084.073   0.000 TE   -1.185630E-02   -5.541431E-03    2.455444E-02
3.359818E+03 130    0.000    0.000        0.000  2999084.073   0.000 TE    6.850235E-03   -3.214108E-02    3.522740E-02
4.832930E+03 130    0.000    0.000        0.000  2999084.073   0.000 TE    1.125882E-02   -1.661842E-02    4.477178E-02
6.951928E+03 130    0.000    0.000        0.000  2999084.073   0.000 TE   -2.139147E-02   -1.397974E-02    2.292773E-02
1.000000E+04 130    0.000    0.000        0.000  2999084.073   0.000 TE    1.960708E-02   -7.345365E-03    1.238897E-01
1.000000E+01 133    0.000    0.000        0.000  3066568.699   0.000 TE    4.773728E+00   -9.015878E-14    5.790325E-02
1.438450E+01 133    0.000    0.000        0.000  3066568.699   0.000 TE    3.437884E+00    1.740964E+00    7.591812E-02
2.069138E+01 133    0.000    0.000        0.000  3066568.699   0.000 TE    3.179240E+00    1.753532E+00    9.968517E-02
2.976351E+01 133    0.000    0.000        0.000  3066568.699   0.000 TE    2.859610E+00    1.635917E+00    4.707317E-02
4.281332E+01 133    0.000    0.000        0.000  3066568.699   0.000 TE    2.464758E+00    1.579925E+00    3.378817E-02
6.158482E+01 133    0.000    0.000        0.000  3066568.699   0.000 TE    2.173610E+00    1.468578E+00    3.531721E-02
8.858668E+01 133    0.000    0.000        0.000  3066568.699   0.000 TE    1.796258E+00    1.386933E+00    3.376477E-02
1.274275E+02 133    0.000    0.000        0.000  3066568.699   0.000 TE    1.461285E+00    1.267902E+00    3.523413E-02
1.832981E+02 133    0.000    0.000        0.000  3066568.699   0.000 TE    1.155690E+00    1.167513E+00    4.705904E-02
2.636651E+02 133    0.000    0.000        0.000  3066568.699   0.000 TE    9.147573E-01    1.063563E+00    4.452474E-02
3.792690E+02 133    0.000    0.000        0.000  3066568.699   0.000 TE    6.829082E-01    7.625832E-01    6.116153E-02
5.455595E+02 133    0.000    0.000        0.000  3066568.699   0.000 TE    6.017498E-01    6.151503E-01    6.546501E-02
7.847600E+02 133    0.000    0.000        0.000  3066568.699   0.000 TE    3.477805E-01    4.243662E-01    1.211097E-01
1.128838E+03 133    0.000    0.000        0.000  3066568.699   0.000 TE    2.417616E-01    4.798539E-01    7.763081E-02
1.623777E+03 133    0.000    0.000        0.000  3066568.699   0.000 TE    2.615977E-02    3.898718E-01    5.580003E-02
2.335721E+03 133    0.000    0.000        0.000  3066568.699   0.000 TE    1.186113E-01    2.411585E-01    5.562394E-02
3.359818E+03 133    0.000    0.000        0.000  3066568.699   0.000 TE    1.422617E-01    1.853874E-01    6.557284E-02
4.832930E+03 133    0.000    0.000        0.000  3066568.699   0.000 TE    1.496962E-01    1.931540E-01    8.397271E-02
6.951928E+03 133    0.000    0.000        0.000  3066568.699   0.000 TE    1.925057E-02    1.676552E-01    3.420381E-02
1.000000E+04 133    0.000    0.000        0.000  3066568.699   0.000 TE   -3.723213E-02    2.045871E-01    6.774200E-02
1.000000E+01 136    0.000    0.000        0.000  3133981.236   0.000 TE   -8.597105E+00    9.440628E-13    3.693996E-01
1.438450E+01 136    0.000    0.000        0.000  3133981.236   0.000 TE    1.250263E+00    2.228629E+00    4.063612E-01
2.069138E+01 136    0.000    0.000        0.000  3133981.236   0.000 TE    1.887101E+00    3.639282E+00    4.703629E-01
2.976351E+01 136    0.000    0.000        0.000  3133981.236   0.000 TE    1.936893E+00    4.173832E+00    2.607778E-01
4.281332E+01 136    0.000    0.000        0.000  3133981.236   0.000 TE    2.478978E+00    3.250409E+00    1.748519E-01
6.158482E+01 136    0.000    0.000        0.000  3133981.236   0.000 TE    1.356836E+00    2.397785E+00    1.619000E-01
8.858668E+01 136    0.000    0.000        0.000  3133981.236   0.000 TE    7.789132E-01    2.161620E+00    1.477337E-01
1.274275E+02 136    0.000    0.000        0.000  3133981.236   0.000 TE    3.226433E-01    1.240978E+00    1.228564E-01
1.832981E+02 136    0.000    0.000        0.000  3133981.236   0.000 TE   -1.390088E-02    1.101767E+00    1.547140E-01
2.636651E+02 136    0.000    0.000        0.000  3133981.236   0.000 TE    4.546523E-02    6.110555E-01    1.360723E-01
3.792690E+02 136    0.000    0.000        0.000  3133981.236   0.000 TE    2.201407E-02    7.935474E-01    1.587764E-01
5.455595E+02 136    0.000    0.000        0.000  3133981.236   0.000 TE   -2.086989E-01    6.197498E-01    1.711414E-01
7.847600E+02 136    0.000    0.000        0.000  3133981.236   0.000 TE    1.613376E-01    2.355411E-01    2.214354E-01
1.128838E+03 136    0.000    0.000        0.000  3133981.236   0.000 TE    1.992491E-02   -8.260772E-02    1.452814E-01
1.623777E+03 136    0.000    0.000        0.000  3133981.236   0.000 TE    4.769823E-02    1.107500E-01    9.331002E-02
2.335721E+03 136    0.000    0.000        0.000  3133981.236   0.000 TE   -6.794719E-02    2.372083E-01    9.331427E-02
3.359818E+03 136    0.000    0.000        0.000  3133981.236   0.000 TE   -1.670381E-01    6.978523E-02    8.099032E-02
4.832930E+03 136    0.000    0.000        0.000  3133981.236   0.000 TE   -9.848823E-02   -2.781777E-03    1.165803E-01
6.951928E+03 136    0.000    0.000        0.000  3133981.236   0.000 TE   -6.885570E-02    9.217056E-02    5.895322E-02
1.000000E+04 136    0.000    0.000        0.000  3133981.236   0.000 TE    1.373463E-02   -7.038642E-02    1.117144E-01
1.000000E+01 139    0.000    0.000        0.000  3186088.098   0.000 TE    9.232527E+01   -2.027131E-12    1.698547E+00
1.438450E+01 139    0.000    0.000        0.000  3186088.098   0.000 TE    4.572581E+01    6.038285E+01    1.192381E+00
2.069138E+01 139    0.000    0.000        0.000  3186088.098   0.000 TE    4.587979E+01    4.580779E+01    1.357665E+00
2.976351E+01 139    0.000    0.000        0.000  3186088.098   0.000 TE    3.608992E+01    3.477882E+01    8.671036E-01
4.281332E+01 139    0.000    0.000        0.000  3186088.098   0.000 TE    1.788319E+01    2.847785E+01    6.373831E-01
6.158482E+01 139    0.000    0.000        0.000  3186088.098   0.000 TE    1.436160E+01    2.812307E+01    5.765270E-01
8.858668E+01 139    0.000    0.000        0.000  3186088.098   0.000 TE    1.216105E+01    1.924358E+01    4.906860E-01
1.274275E+02 139    0.000    0.000        0.000  3186088.098   0.000 TE    8.655268E+00    1.721885E+01    3.620725E-01
1.832981E+02 139    0.000    0.000        0.000  3186088.098   0.000 TE    7.013637E+00    1.395375E+01    4.015397E-01
2.636651E+02 139    0.000    0.000        0.000  3186088.098   0.000 TE    5.114803E+00    1.033856E+01    3.354547E-01
3.792690E+02 139    0.000    0.000        0.000  3186088.098   0.000 TE    3.880450E+00    8.041611E+00    4.027029E-01
5.455595E+02 139    0.000    0.000        0.000  3186088.098   0.000 TE    2.795648E+00    6.154741E+00    4.000480E-01
7.847600E+02 139    0.000    0.000        0.000  3186088.098   0.000 TE    1.889345E+00    5.186799E+00    5.070556E-01
1.128838E+03 139    0.000    0.000        0.000  3186088.098   0.000 TE    2.010336E+00    4.139501E+00    3.794531E-01
1.623777E+03 139    0.000    0.000        0.000  3186088.098   0.000 TE    1.191464E+00    3.203970E+00    2.401954E-01
2.335721E+03 139    0.000    0.000        0.000  3186088.098   0.000 TE    1.293775E+00    2.366429E+00    2.448456E-01
3.359818E+03 139    0.000    0.000        0.000  3186088.098   0.000 TE    9.062970E-01    2.122234E+00    2.141675E-01
4.832930E+03 139    0.000    0.000        0.000  3186088.098   0.000 TE    1.491567E-01    1.808536E+00    3.328946E-01
6.951928E+03 139    0.000    0.000        0.000  3186088.098   0.000 TE    4.653475E-01    9.812067E-01    1.470154E-01
1.000000E+04 139    0.000    0.000        0.000  3186088.098   0.000 TE    3.510310E-01    9.786210E-01    1.944861E-01
1.000000E+01 142    0.000    0.000        0.000  3245895.754   0.000 TE    6.305633E+01    2.824966E-14    7.563887E-01
1.438450E+01 142    0.000    0.000        0.000  3245895.754   0.000 TE    5.328303E+01    5.150198E+01    7.410489E-01
2.069138E+01 142    0.000    0.000        0.000  3245895.754   0.000 TE    4.623919E+01    4.612372E+01    6.531049E-01
2.976351E+01 142    0.000    0.000        0.000  3245895.754   0.000 TE    3.519233E+01    3.972735E+01    5.307318E-01
4.281332E+01 142    0.000    0.000        0.000  3245895.754   0.000 TE    2.693469E+01    3.436450E+01    4.366230E-01
6.158482E+01 142    0.000    0.000        0.000  3245895.754   0.000 TE    1.992126E+01    3.013613E+01    3.612538E-01
8.858668E+01 142    0.000    0.000        0.000  3245895.754   0.000 TE    1.484795E+01    2.441370E+01    2.857430E-01
1.274275E+02 142    0.000    0.000        0.000  3245895.754   0.000 TE    1.007836E+01    1.933879E+01    2.220284E-01
1.832981E+02 142    0.000    0.000        0.000  3245895.754   0.000 TE    7.412263E+00    1.570318E+01    2.742287E-01
2.636651E+02 142    0.000    0.000        0.000  3245895.754   0.000 TE    5.030211E+00    1.167871E+01    2.649708E-01
3.792690E+02 142    0.000    0.000        0.000  3245895.754   0.000 TE    4.026155E+00    8.828057E+00    3.385026E-01
5.455595E+02 142    0.000    0.000        0.000  3245895.754   0.000 TE    2.795460E+00    6.616635E+00    3.364298E-01
7.847600E+02 142    0.000    0.000        0.000  3245895.754   0.000 TE    1.833903E+00    5.255705E+00    4.569768E-01
1.128838E+03 142    0.000    0.000        0.000  3245895.754   0.000 TE    1.665951E+00    4.313366E+00    3.408107E-01
1.623777E+03 142    0.000    0.000        0.000  3245895.754   0.000 TE    1.421936E+00    3.236558E+00    2.081986E-01
2.335721E+03 142    0.000    0.000        0.000  3245895.754   0.000 TE    1.182017E+00    2.403752E+00    2.109596E-01
3.359818E+03 142    0.000    0.000        0.000  3245895.754   0.000 TE    8.333595E-01    2.011856E+00    1.538072E-01
4.832930E+03 142    0.000    0.000        0.000  3245895.754   0.000 TE    3.821900E-01    1.806295E+00    2.540194E-01
6.951928E+03 142    0.000    0.000        0.000  3245895.754   0.000 TE    3.304985E-01    1.044711E+00    1.059784E-01
1.000000E+04 142    0.000    0.000        0.000  3245895.754   0.000 TE    3.927785E-01    7.751383E-01    1.478512E-01
1.000000E+01 145    0.000    0.000        0.000  3308983.795   0.000 TE    3.897696E+01   -2.037875E-12    1.150872E+00
1.438450E+01 145    0.000    0.000        0.000  3308983.795   0.000 TE    5.203890E+01    5.802782E+01    7.794405E-01
2.069138E+01 145    0.000    0.000        0.000  3308983.795   0.000 TE    4.603815E+01    5.079620E+01    8.197289E-01
2.976351E+01 145    0.000    0.000        0.000  3308983.795   0.000 TE    3.637673E+01    4.122792E+01    7.974216E-01
4.281332E+01 145    0.000    0.000        0.000  3308983.795   0.000 TE    2.659676E+01    3.592933E+01    6.913213E-01
6.158482E+01 145    0.000    0.000        0.000  3308983.795   0.000 TE    1.761576E+01    3.184179E+01    5.920266E-01
8.858668E+01 145    0.000    0.000        0.000  3308983.795   0.000 TE    1.305438E+01    2.534632E+01    5.425561E-01
1.274275E+02 145    0.000    0.000        0.000  3308983.795   0.000 TE    8.584342E+00    2.018492E+01    4.734618E-01
1.832981E+02 145    0.000    0.000        0.000  3308983.795   0.000 TE    6.473862E+00    1.590104E+01    5.442680E-01
2.636651E+02 145    0.000    0.000        0.000  3308983.795   0.000 TE    4.408385E+00    1.187605E+01    5.348637E-01
3.792690E+02 145    0.000    0.000        0.000  3308983.795   0.000 TE    2.494680E+00    8.325692E+00    8.078691E-01
5.455595E+02 145    0.000    0.000        0.000  3308983.795   0.000 TE    2.528702E+00    6.560758E+00    7.218035E-01
7.847600E+02 145    0.000    0.000        0.000  3308983.795   0.000 TE    1.075492E+00    4.803071E+00    9.185224E-01
1.128838E+03 145    0.000    0.000        0.000  3308983.795   0.000 TE    5.409061E-01    4.151544E+00    5.826790E-01
1.623777E+03 145    0.000    0.000        0.000  3308983.795   0.000 TE    6.063494E-01    3.072087E+00    3.891630E-01
2.335721E+03 145    0.000    0.000        0.000  3308983.795   0.000 TE    4.174634E-01    2.155522E+00    3.539507E-01
3.359818E+03 145    0.000    0.000        0.000  3308983.795   0.000 TE    2.239608E-01    2.227125E+00    5.027146E-01
4.832930E+03 145    0.000    0.000        0.000  3308983.795   0.000 TE    9.574558E-01    1.017509E+00    5.255191E-01
6.951928E+03 145    0.000    0.000        0.000  3308983.795   0.000 TE    1.528087E+00    4.307001E-01    4.378524E-01
1.000000E+04 145    0.000    0.000        0.000  3308983.795   0.000 TE    2.235123E-01    6.774694E-01    5.666487E-01
1.000000E+01 148    0.000    0.000        0.000  3367006.914   0.000 TE    4.152919E+00   -2.734194E-15    1.897535E-01
1.438450E+01 148    0.000    0.000        0.000  3367006.914   0.000 TE    2.689748E+00    2.616887E+00    2.965986E-01
2.069138E+01 148    0.000    0.000        0.000  3367006.914   0.000 TE    2.158698E+00    2.230391E+00    1.974243E-01
2.976351E+01 148    0.000    0.000        0.000  3367006.914   0.000 TE    1.541095E+00    2.075404E+00    6.542823E-02
4.281332E+01 148    0.000    0.000        0.000  3367006.914   0.000 TE    1.022952E+00    1.791036E+00    7.511269E-02
6.158482E+01 148    0.000    0.000        0.000  3367006.914   0.000 TE    6.790685E-01    1.520000E+00    5.543327E-02
8.858668E+01 148    0.000    0.000        0.000  3367006.914   0.000 TE    3.442039E-01    1.145941E+00    3.687932E-02
1.274275E+02 148    0.000    0.000        0.000  3367006.914   0.000 TE    1.430140E-01    8.544253E-01    2.397624E-02
1.832981E+02 148    0.000    0.000        0.000  3367006.914   0.000 TE    9.016694E-02    6.129155E-01    2.441599E-02
2.636651E+02 148    0.000    0.000        0.000  3367006.914   0.000 TE    1.000278E-02    4.414683E-01    1.815499E-02
3.792690E+02 148    0.000    0.000        0.000  3367006.914   0.000 TE   -1.355574E-04    2.660362E-01    2.249473E-02
5.455595E+02 148    0.000    0.000        0.000  3367006.914   0.000 TE    5.190469E-02    2.014711E-01    2.302390E-02
7.847600E+02 148    0.000    0.000        0.000  3367006.914   0.000 TE    3.308669E-02    1.342979E-01    2.718159E-02
1.128838E+03 148    0.000    0.000        0.000  3367006.914   0.000 TE   -1.613780E-04    1.215055E-01    2.457877E-02
1.623777E+03 148    0.000    0.000        0.000  3367006.914   0.000 TE    1.313927E-02    7.047005E-02    1.833692E-02
2.335721E+03 148    0.000    0.000        0.000  3367006.914   0.000 TE    7.281620E-03    7.674245E-02    1.896598E-02
3.359818E+03 148    0.000    0.000        0.000  3367006.914   0.000 TE    2.540369E-02    5.374393E-02    1.729484E-02
4.832930E+03 148    0.000    0.000        0.000  3367006.914   0.000 TE    1.775810E-02    1.932508E-03    1.480841E-02
6.951928E+03 148    0.000    0.000        0.000  3367006.914   0.000 TE    4.730847E-03    2.315435E-02    8.330203E-03
1.000000E+04 148    0.000    0.000        0.000  3367006.914   0.000 TE   -2.611956E-03    4.029143E-02    8.631196E-03
1.000000E+01 152    0.000    0.000        0.000  3450931.121   0.000 TE    4.152919E+00   -2.734194E-15    1.897535E-01
1.438450E+01 152    0.000    0.000        0.000  3450931.121   0.000 TE    2.689748E+00    2.616887E+00    2.965986E-01
2.069138E+01 152    0.000    0.000        0.000  3450931.121   0.000 TE    2.158698E+00    2.230391E+00    1.974243E-01
2.976351E+01 152    0.000    0.000        0.000  3450931.121   0.000 TE    1.541095E+00    2.075404E+00    6.542823E-02
4.281332E+01 152    0.000    0.000        0.000  3450931.121   0.000 TE    1.022952E+00    1.791036E+00    7.511269E-02
6.158482E+01 152    0.000    0.000        0.000  3450931.121   0.000 TE    6.790685E-01    1.520000E+00    5.543327E-02
8.858668E+01 152    0.000    0.000        0.000  3450931.121   0.000 TE    3.442039E-01    1.145941E+00    3.687932E-02
1.274275E+02 152    0.000    0.000        0.000  3450931.121   0.000 TE    1.430140E-01    8.544253E-01    2.397624E-02
1.832981E+02 152    0.000    0.000        0.000  3450931.121   0.000 TE    9.016694E-02    6.129155E-01    2.441599E-02
2.636651E+02 152    0.000    0.000        0.000  3450931.121   0.000 TE    1.000278E-02    4.414683E-01    1.815499E-02
3.792690E+02 152    0.000    0.000        0.000  3450931.121   0.000 TE   -1.355574E-04    2.660362E-01    2.249473E-02
5.455595E+02 152    0.000    0.000        0.000  3450931.121   0.000 TE    5.190469E-02    2.014711E-01    2.302390E-02
7.847600E+02 152    0.000    0.000        0.000  3450931.121   0.000 TE    3.308669E-02    1.342979E-01    2.718159E-02
1.128838E+03 152    0.000    0.000        0.000  3450931.121   0.000 TE   -1.613780E-04    1.215055E-01    2.457877E-02
1.623777E+03 152    0.000    0.000        0.000  3450931.121   0.000 TE    1.313927E-02    7.047005E-02    1.833692E-02
2.335721E+03 152    0.000    0.000        0.000  3450931.121   0.000 TE    7.281620E-03    7.674245E-02    1.896598E-02
3.359818E+03 152    0.000    0.000        0.000  3450931.121   0.000 TE    2.540369E-02    5.374393E-02    1.729484E-02
4.832930E+03 152    0.000    0.000        0.000  3450931.121   0.000 TE    1.775810E-02    1.932508E-03    1.480841E-02
6.951928E+03 152    0.000    0.000        0.000  3450931.121   0.000 TE    4.730847E-03    2.315435E-02    8.330203E-03
1.000000E+04 152    0.000    0.000        0.000  3450931.121   0.000 TE   -2.611956E-03    4.029143E-02    8.631196E-03
1.000000E+01 155    0.000    0.000        0.000  3514281.695   0.000 TE    7.315267E-01    6.951673E-15    2.700876E-02
1.438450E+01 155    0.000    0.000        0.000  3514281.695   0.000 TE    3.962708E-01    2.316538E+00    2.350187E-02
2.069138E+01 155    0.000    0.000        0.000  3514281.695   0.000 TE    3.180827E-01    1.724405E+00    1.753496E-02
2.976351E+01 155    0.000    0.000        0.000  3514281.695   0.000 TE    2.345465E-01    1.222325E+00    1.244625E-02
4.281332E+01 155    0.000    0.000        0.000  3514281.695   0.000 TE    1.904925E-01    8.608564E-01    8.816808E-03
6.158482E+01 155    0.000    0.000        0.000  3514281.695   0.000 TE    1.496680E-01    6.194218E-01    6.372471E-03
8.858668E+01 155    0.000    0.000        0.000  3514281.695   0.000 TE    1.259634E-01    4.504440E-01    4.677249E-03
1.274275E+02 155    0.000    0.000        0.000  3514281.695   0.000 TE    1.176984E-01    3.280839E-01    3.485570E-03
1.832981E+02 155    0.000    0.000        0.000  3514281.695   0.000 TE    1.037393E-01    2.442781E-01    2.912273E-03
2.636651E+02 155    0.000    0.000        0.000  3514281.695   0.000 TE    9.132698E-02    1.797218E-01    2.124553E-03
3.792690E+02 155    0.000    0.000        0.000  3514281.695   0.000 TE    7.968511E-02    1.465073E-01    2.247283E-03
5.455595E+02 155    0.000    0.000        0.000  3514281.695   0.000 TE    6.534220E-02    1.185585E-01    2.057222E-03
7.847600E+02 155    0.000    0.000        0.000  3514281.695   0.000 TE    5.224443E-02    9.525147E-02    3.080724E-03
1.128838E+03 155    0.000    0.000        0.000  3514281.695   0.000 TE    3.162540E-02    7.924125E-02    2.487885E-03
1.623777E+03 155    0.000    0.000        0.000  3514281.695   0.000 TE    2.105650E-02    6.129292E-02    2.209063E-03
2.335721E+03 155    0.000    0.000        0.000  3514281.695   0.000 TE    1.495757E-02    5.002523E-02    1.956397E-03
3.359818E+03 155    0.000    0.000        0.000  3514281.695   0.000 TE    7.758780E-03    3.514366E-02    1.840947E-03
4.832930E+03 155    0.000    0.000        0.000  3514281.695   0.000 TE    5.068967E-03    2.972673E-02    2.189209E-03
6.951928E+03 155    0.000    0.000        0.000  3514281.695   0.000 TE    1.514561E-03    1.964119E-02    1.138534E-03
1.000000E+04 155    0.000    0.000        0.000  3514281.695   0.000 TE    2.019238E-03    1.508012E-02    2.301946E-03
1.000000E+01 157    0.000    0.000        0.000  3555582.471   0.000 TE    2.942991E+00   -6.466099E-14    1.024690E-01
1.438450E+01 157    0.000    0.000        0.000  3555582.471   0.000 TE    1.309741E+00    2.946694E+00    8.003260E-02
2.069138E+01 157    0.000    0.000        0.000  3555582.471   0.000 TE    7.496418E-01    2.351211E+00    6.863678E-02
2.976351E+01 157    0.000    0.000        0.000  3555582.471   0.000 TE    4.707914E-01    1.752594E+00    2.116038E-02
4.281332E+01 157    0.000    0.000        0.000  3555582.471   0.000 TE    2.646715E-01    1.216206E+00    1.244672E-02
6.158482E+01 157    0.000    0.000        0.000  3555582.471   0.000 TE    1.789630E-01    9.121064E-01    9.421280E-03
8.858668E+01 157    0.000    0.000        0.000  3555582.471   0.000 TE    1.259694E-01    6.441443E-01    9.422804E-03
1.274275E+02 157    0.000    0.000        0.000  3555582.471   0.000 TE    6.782645E-02    4.795347E-01    6.575101E-03
1.832981E+02 157    0.000    0.000        0.000  3555582.471   0.000 TE    5.120940E-02    3.429100E-01    7.037322E-03
2.636651E+02 157    0.000    0.000        0.000  3555582.471   0.000 TE    2.685968E-02    2.666475E-01    5.566125E-03
3.792690E+02 157    0.000    0.000        0.000  3555582.471   0.000 TE    1.998828E-02    1.734038E-01    5.060591E-03
5.455595E+02 157    0.000    0.000        0.000  3555582.471   0.000 TE    1.297039E-02    1.206637E-01    3.440426E-03
7.847600E+02 157    0.000    0.000        0.000  3555582.471   0.000 TE    7.642302E-03    8.735013E-02    3.678417E-03
1.128838E+03 157    0.000    0.000        0.000  3555582.471   0.000 TE    6.646914E-03    5.893077E-02    2.285717E-03
1.623777E+03 157    0.000    0.000        0.000  3555582.471   0.000 TE    6.403173E-03    3.971119E-02    2.098225E-03
2.335721E+03 157    0.000    0.000        0.000  3555582.471   0.000 TE    2.507909E-03    3.167879E-02    2.424386E-03
3.359818E+03 157    0.000    0.000        0.000  3555582.471   0.000 TE    4.527804E-03    2.631049E-02    3.482081E-03
4.832930E+03 157    0.000    0.000        0.000  3555582.471   0.000 TE    2.184204E-03    1.548891E-02    6.690912E-03
6.951928E+03 157    0.000    0.000        0.000  3555582.471   0.000 TE    3.029663E-03    1.312560E-02    3.953218E-03
1.000000E+04 157    0.000    0.000        0.000  3555582.471   0.000 TE    2.219982E-03    1.082940E-02    1.260338E-02
1.000000E+01 160    0.000    0.000        0.000  3618350.626   0.000 TE    9.338878E+00    7.052498E-14    1.572515E-01
1.438450E+01 160    0.000    0.000        0.000  3618350.626   0.000 TE    4.726426E+00    9.294040E+00    1.050426E-01
2.069138E+01 160    0.000    0.000        0.000  3618350.626   0.000 TE    4.150298E+00    6.915069E+00    8.372592E-02
2.976351E+01 160    0.000    0.000        0.000  3618350.626   0.000 TE    3.824022E+00    5.183496E+00    6.441411E-02
4.281332E+01 160    0.000    0.000        0.000  3618350.626   0.000 TE    3.516170E+00    3.913897E+00    5.261372E-02
6.158482E+01 160    0.000    0.000        0.000  3618350.626   0.000 TE    3.228229E+00    3.199566E+00    4.545182E-02
8.858668E+01 160    0.000    0.000        0.000  3618350.626   0.000 TE    2.936197E+00    2.631883E+00    3.943103E-02
1.274275E+02 160    0.000    0.000        0.000  3618350.626   0.000 TE    2.601660E+00    2.275467E+00    3.456355E-02
1.832981E+02 160    0.000    0.000        0.000  3618350.626   0.000 TE    2.273520E+00    2.002396E+00    3.029601E-02
2.636651E+02 160    0.000    0.000        0.000  3618350.626   0.000 TE    1.912079E+00    1.780196E+00    2.612498E-02
3.792690E+02 160    0.000    0.000        0.000  3618350.626   0.000 TE    1.571491E+00    1.615797E+00    2.253971E-02
5.455595E+02 160    0.000    0.000        0.000  3618350.626   0.000 TE    1.237692E+00    1.395822E+00    2.021358E-02
7.847600E+02 160    0.000    0.000        0.000  3618350.626   0.000 TE    9.627165E-01    1.248767E+00    3.035002E-02
1.128838E+03 160    0.000    0.000        0.000  3618350.626   0.000 TE    6.741086E-01    1.004342E+00    2.221756E-02
1.623777E+03 160    0.000    0.000        0.000  3618350.626   0.000 TE    4.491460E-01    8.410485E-01    1.674066E-02
2.335721E+03 160    0.000    0.000        0.000  3618350.626   0.000 TE    3.386745E-01    6.954461E-01    2.013386E-02
3.359818E+03 160    0.000    0.000        0.000  3618350.626   0.000 TE    2.176283E-01    5.508310E-01    1.283537E-02
4.832930E+03 160    0.000    0.000        0.000  3618350.626   0.000 TE    1.189067E-01    4.385499E-01    1.892688E-02
6.951928E+03 160    0.000    0.000        0.000  3618350.626   0.000 TE    6.105942E-02    3.156809E-01    9.409788E-03
1.000000E+04 160    0.000    0.000        0.000  3618350.626   0.000 TE    1.070655E-02    2.596268E-01    2.303250E-02
1.000000E+01 163    0.000    0.000        0.000  3677657.071   0.000 TE    1.025645E+01    2.966288E-14    1.150256E-01
1.438450E+01 163    0.000    0.000        0.000  3677657.071   0.000 TE    7.468875E+00    8.212383E+00    1.110078E-01
2.069138E+01 163    0.000    0.000        0.000  3677657.071   0.000 TE    6.364845E+00    6.828518E+00    9.334876E-02
2.976351E+01 163    0.000    0.000        0.000  3677657.071   0.000 TE    5.314722E+00    5.702405E+00    7.795107E-02
4.281332E+01 163    0.000    0.000        0.000  3677657.071   0.000 TE    4.334988E+00    4.695934E+00    6.390925E-02
6.158482E+01 163    0.000    0.000        0.000  3677657.071   0.000 TE    3.562215E+00    3.950896E+00    5.319676E-02
8.858668E+01 163    0.000    0.000        0.000  3677657.071   0.000 TE    2.979132E+00    3.257661E+00    4.414474E-02
1.274275E+02 163    0.000    0.000        0.000  3677657.071   0.000 TE    2.477875E+00    2.735697E+00    3.691057E-02
1.832981E+02 163    0.000    0.000        0.000  3677657.071   0.000 TE    2.036918E+00    2.331546E+00    3.095988E-02
2.636651E+02 163    0.000    0.000        0.000  3677657.071   0.000 TE    1.619722E+00    1.964381E+00    2.546035E-02
3.792690E+02 163    0.000    0.000        0.000  3677657.071   0.000 TE    1.247170E+00    1.712990E+00    2.118907E-02
5.455595E+02 163    0.000    0.000        0.000  3677657.071   0.000 TE    9.489715E-01    1.393829E+00    2.003408E-02
7.847600E+02 163    0.000    0.000        0.000  3677657.071   0.000 TE    7.125525E-01    1.178678E+00    2.893022E-02
1.128838E+03 163    0.000    0.000        0.000  3677657.071   0.000 TE    4.864008E-01    8.973713E-01    1.929659E-02
1.623777E+03 163    0.000    0.000        0.000  3677657.071   0.000 TE    3.144259E-01    7.229706E-01    1.443112E-02
2.335721E+03 163    0.000    0.000        0.000  3677657.071   0.000 TE    2.385508E-01    5.830451E-01    1.553003E-02
3.359818E+03 163    0.000    0.000        0.000  3677657.071   0.000 TE    1.451963E-01    4.487388E-01    1.012772E-02
4.832930E+03 163    0.000    0.000        0.000  3677657.071   0.000 TE    7.339492E-02    3.565652E-01    1.458480E-02
6.951928E+03 163    0.000    0.000        0.000  3677657.071   0.000 TE    3.873385E-02    2.526303E-01    8.467258E-03
1.000000E+04 163    0.000    0.000        0.000  3677657.071   0.000 TE    2.889933E-03    2.042836E-01    1.868457E-02
1.000000E+01 169    0.000    0.000        0.000  3797978.422   0.000 TE    3.146299E+01   -2.342090E-12    5.923903E-01
1.438450E+01 169    0.000    0.000        0.000  3797978.422   0.000 TE    3.373267E+01    3.023575E+01    4.530004E-01
2.069138E+01 169    0.000    0.000        0.000  3797978.422   0.000 TE    2.976901E+01    2.657301E+01    3.990387E-01
2.976351E+01 169    0.000    0.000        0.000  3797978.422   0.000 TE    2.573778E+01    2.312130E+01    3.459810E-01
4.281332E+01 169    0.000    0.000        0.000  3797978.422   0.000 TE    2.067734E+01    2.025582E+01    2.894564E-01
6.158482E+01 169    0.000    0.000        0.000  3797978.422   0.000 TE    1.619563E+01    1.920112E+01    2.511934E-01
8.858668E+01 169    0.000    0.000        0.000  3797978.422   0.000 TE    1.346138E+01    1.551627E+01    2.054175E-01
1.274275E+02 169    0.000    0.000        0.000  3797978.422   0.000 TE    9.926138E+00    1.397046E+01    1.713773E-01
1.832981E+02 169    0.000    0.000        0.000  3797978.422   0.000 TE    7.537523E+00    1.193516E+01    2.340083E-01
2.636651E+02 169    0.000    0.000        0.000  3797978.422   0.000 TE    4.687375E+00    9.641016E+00    1.738297E-01
3.792690E+02 169    0.000    0.000        0.000  3797978.422   0.000 TE    2.933511E+00    8.013890E+00    1.717859E-01
5.455595E+02 169    0.000    0.000        0.000  3797978.422   0.000 TE    2.146833E+00    5.937540E+00    1.363364E-01
7.847600E+02 169    0.000    0.000        0.000  3797978.422   0.000 TE    1.236052E+00    4.332488E+00    1.330776E-01
1.128838E+03 169    0.000    0.000        0.000  3797978.422   0.000 TE    7.462176E-01    3.084044E+00    1.010331E-01
1.623777E+03 169    0.000    0.000        0.000  3797978.422   0.000 TE    3.249123E-01    2.394423E+00    8.986443E-02
2.335721E+03 169    0.000    0.000        0.000  3797978.422   0.000 TE    1.858649E-01    1.764935E+00    7.274469E-02
3.359818E+03 169    0.000    0.000        0.000  3797978.422   0.000 TE    2.308899E-02    1.205174E+00    6.556498E-02
4.832930E+03 169    0.000    0.000        0.000  3797978.422   0.000 TE   -6.177541E-02    9.069653E-01    9.588014E-02
6.951928E+03 169    0.000    0.000        0.000  3797978.422   0.000 TE   -1.208589E-01    5.241755E-01    3.723344E-02
1.000000E+04 169    0.000    0.000        0.000  3797978.422   0.000 TE   -1.530741E-01    4.161590E-01    8.098692E-02
1.000000E+01 172    0.000    0.000        0.000  3860672.374   0.000 TE    7.116814E+00    2.203582E-12    5.037229E-01
1.438450E+01 172    0.000    0.000        0.000  3860672.374   0.000 TE    5.222360E+00    1.217902E+01    2.327051E-01
2.069138E+01 172    0.000    0.000        0.000  3860672.374   0.000 TE    4.136306E+00    9.163884E+00    1.807520E-01
2.976351E+01 172    0.000    0.000        0.000  3860672.374   0.000 TE    3.444890E+00    7.012263E+00    9.938435E-02
4.281332E+01 172    0.000    0.000        0.000  3860672.374   0.000 TE    2.827091E+00    5.452039E+00    7.475792E-02
6.158482E+01 172    0.000    0.000        0.000  3860672.374   0.000 TE    2.295187E+00    4.393835E+00    4.957184E-02
8.858668E+01 172    0.000    0.000        0.000  3860672.374   0.000 TE    1.779144E+00    3.501753E+00    3.927802E-02
1.274275E+02 172    0.000    0.000        0.000  3860672.374   0.000 TE    1.282344E+00    2.822726E+00    3.100354E-02
1.832981E+02 172    0.000    0.000        0.000  3860672.374   0.000 TE    9.632343E-01    2.242889E+00    2.440978E-02
2.636651E+02 172    0.000    0.000        0.000  3860672.374   0.000 TE    5.949359E-01    1.725318E+00    1.825013E-02
3.792690E+02 172    0.000    0.000        0.000  3860672.374   0.000 TE    4.110169E-01    1.294830E+00    1.358499E-02
5.455595E+02 172    0.000    0.000        0.000  3860672.374   0.000 TE    3.019261E-01    9.589731E-01    1.008066E-02
7.847600E+02 172    0.000    0.000        0.000  3860672.374   0.000 TE    2.032647E-01    7.174165E-01    1.032329E-02
1.128838E+03 172    0.000    0.000        0.000  3860672.374   0.000 TE    1.419121E-01    5.163250E-01    9.675148E-03
1.623777E+03 172    0.000    0.000        0.000  3860672.374   0.000 TE    1.022757E-01    3.738953E-01    7.888087E-03
2.335721E+03 172    0.000    0.000        0.000  3860672.374   0.000 TE    7.660433E-02    2.980665E-01    1.312142E-02
3.359818E+03 172    0.000    0.000        0.000  3860672.374   0.000 TE    5.087931E-02    2.197900E-01    1.264662E-02
4.832930E+03 172    0.000    0.000        0.000  3860672.374   0.000 TE    3.361148E-02    1.693825E-01    1.351542E-02
6.951928E+03 172    0.000    0.000        0.000  3860672.374   0.000 TE    1.059115E-02    1.208703E-01    8.534966E-03
1.000000E+04 172    0.000    0.000        0.000  3860672.374   0.000 TE    3.837693E-03    9.953364E-02    5.615597E-03
1.000000E+01 175    0.000    0.000        0.000  3922937.302   0.000 TE    2.458937E+01    1.255241E-11    7.396291E-01
1.438450E+01 175    0.000    0.000        0.000  3922937.302   0.000 TE    1.802370E+01    2.681898E+01    3.231272E-01
2.069138E+01 175    0.000    0.000        0.000  3922937.302   0.000 TE    1.534541E+01    2.185616E+01    2.670531E-01
2.976351E+01 175    0.000    0.000        0.000  3922937.302   0.000 TE    1.281140E+01    1.746686E+01    2.166156E-01
4.281332E+01 175    0.000    0.000        0.000  3922937.302   0.000 TE    1.057193E+01    1.425915E+01    1.775075E-01
6.158482E+01 175    0.000    0.000        0.000  3922937.302   0.000 TE    8.571299E+00    1.203518E+01    1.477541E-01
8.858668E+01 175    0.000    0.000        0.000  3922937.302   0.000 TE    6.638517E+00    9.853734E+00    1.188133E-01
1.274275E+02 175    0.000    0.000        0.000  3922937.302   0.000 TE    5.257946E+00    8.031118E+00    9.599211E-02
1.832981E+02 175    0.000    0.000        0.000  3922937.302   0.000 TE    4.058949E+00    6.383152E+00    7.564371E-02
2.636651E+02 175    0.000    0.000        0.000  3922937.302   0.000 TE    3.106583E+00    5.022382E+00    5.905521E-02
3.792690E+02 175    0.000    0.000        0.000  3922937.302   0.000 TE    2.495161E+00    3.745646E+00    4.500633E-02
5.455595E+02 175    0.000    0.000        0.000  3922937.302   0.000 TE    1.992992E+00    3.076576E+00    3.665697E-02
7.847600E+02 175    0.000    0.000        0.000  3922937.302   0.000 TE    1.658496E+00    2.429019E+00    3.397624E-02
1.128838E+03 175    0.000    0.000        0.000  3922937.302   0.000 TE    1.242016E+00    1.900379E+00    3.961423E-02
1.623777E+03 175    0.000    0.000        0.000  3922937.302   0.000 TE    1.085880E+00    1.587580E+00    3.375531E-02
2.335721E+03 175    0.000    0.000        0.000  3922937.302   0.000 TE    8.131842E-01    1.375082E+00    3.891794E-02
3.359818E+03 175    0.000    0.000        0.000  3922937.302   0.000 TE    5.959213E-01    1.121485E+00    3.834815E-02
4.832930E+03 175    0.000    0.000        0.000  3922937.302   0.000 TE    3.883499E-01    8.898539E-01    4.128180E-02
6.951928E+03 175    0.000    0.000        0.000  3922937.302   0.000 TE    2.433659E-01    8.059305E-01    5.204069E-02
1.000000E+04 175    0.000    0.000        0.000  3922937.302   0.000 TE    1.805739E-02    6.743739E-01    4.055671E-02
