# Synthetic 2D MT data written in Matlab by Wuph
# Period(s) Code GG_Lat GG_Lon X(m) Y(m) Z(m) Component Real Imag Error
> TE_Impedance
> exp(-i\omega t)
> [mV/km]/[nT]
> 0.00
> 0.000 0.000
> 20 21
1.438450E+01 103    0.000    0.000        0.000  2452171.567   0.000 TE   -5.685542E-02    1.186328E+00    5.886263E+00
2.069138E+01 103    0.000    0.000        0.000  2452171.567   0.000 TE   -8.741658E-02    9.143435E-01    4.844507E+00
2.976351E+01 103    0.000    0.000        0.000  2452171.567   0.000 TE    5.048436E-01    9.008673E-01    6.992209E-01
4.281332E+01 103    0.000    0.000        0.000  2452171.567   0.000 TE    4.477985E-01    5.957371E-01    1.629015E+00
6.158482E+01 103    0.000    0.000        0.000  2452171.567   0.000 TE    1.853107E+00    2.512098E-01    7.883950E+00
8.858668E+01 103    0.000    0.000        0.000  2452171.567   0.000 TE    3.049089E-01    4.124939E-01    4.954173E-01
1.274275E+02 103    0.000    0.000        0.000  2452171.567   0.000 TE    4.317842E-01    6.421483E-01    3.540518E+00
1.832981E+02 103    0.000    0.000        0.000  2452171.567   0.000 TE    6.437585E-01    5.084938E-02    2.651748E+00
2.636651E+02 103    0.000    0.000        0.000  2452171.567   0.000 TE   -6.953695E-02    3.469893E-01    1.891840E+00
3.792690E+02 103    0.000    0.000        0.000  2452171.567   0.000 TE    5.521015E-02    1.890827E-01    3.384109E-01
5.455595E+02 103    0.000    0.000        0.000  2452171.567   0.000 TE    2.924485E-01    1.742325E-01    4.524950E-01
7.847600E+02 103    0.000    0.000        0.000  2452171.567   0.000 TE    1.334962E-01    4.277785E-02    3.280517E-01
1.128838E+03 103    0.000    0.000        0.000  2452171.567   0.000 TE    2.756548E-01   -1.942930E-01    9.372155E-01
1.623777E+03 103    0.000    0.000        0.000  2452171.567   0.000 TE    7.477921E-02    1.805045E-02    1.551199E-01
2.335721E+03 103    0.000    0.000        0.000  2452171.567   0.000 TE    2.073308E-02    6.242749E-03    2.275598E-01
3.359818E+03 103    0.000    0.000        0.000  2452171.567   0.000 TE    5.425465E-02    6.762630E-02    3.961358E-01
4.832930E+03 103    0.000    0.000        0.000  2452171.567   0.000 TE    3.978220E-04    5.558530E-02    3.487371E-01
6.951928E+03 103    0.000    0.000        0.000  2452171.567   0.000 TE    5.791793E-02    8.660956E-02    2.198870E-01
1.000000E+04 103    0.000    0.000        0.000  2452171.567   0.000 TE   -8.650759E-03   -7.837636E-03    3.373100E-01
2.069138E+01 106    0.000    0.000        0.000  2519609.814   0.000 TE    5.242587E-01    4.269220E-01    1.148601E+00
2.976351E+01 106    0.000    0.000        0.000  2519609.814   0.000 TE    5.724795E-01    5.331597E-01    4.743025E-01
4.281332E+01 106    0.000    0.000        0.000  2519609.814   0.000 TE    2.445495E-01    6.046739E-01    1.514702E+00
6.158482E+01 106    0.000    0.000        0.000  2519609.814   0.000 TE    4.082353E-01    3.823320E-01    1.463784E+00
8.858668E+01 106    0.000    0.000        0.000  2519609.814   0.000 TE    4.258116E-01    3.266904E-01    4.645284E-01
1.274275E+02 106    0.000    0.000        0.000  2519609.814   0.000 TE    2.631223E-01    4.542118E-01    2.653942E+00
1.832981E+02 106    0.000    0.000        0.000  2519609.814   0.000 TE    2.223745E-01    2.793928E-01    1.395084E+00
2.636651E+02 106    0.000    0.000        0.000  2519609.814   0.000 TE    2.281077E-01    2.588963E-01    8.647578E-01
3.792690E+02 106    0.000    0.000        0.000  2519609.814   0.000 TE    1.542060E-01    1.761659E-01    4.242479E-01
5.455595E+02 106    0.000    0.000        0.000  2519609.814   0.000 TE    1.685399E-01    1.498255E-01    3.544960E-01
7.847600E+02 106    0.000    0.000        0.000  2519609.814   0.000 TE    1.351495E-01    1.201540E-01    2.388790E-01
1.128838E+03 106    0.000    0.000        0.000  2519609.814   0.000 TE    6.000577E-02    9.472905E-02    6.198610E-01
1.623777E+03 106    0.000    0.000        0.000  2519609.814   0.000 TE    6.501853E-02    1.000447E-01    1.984857E-01
2.335721E+03 106    0.000    0.000        0.000  2519609.814   0.000 TE   -2.114199E-02    3.950493E-02    2.370042E-01
3.359818E+03 106    0.000    0.000        0.000  2519609.814   0.000 TE   -1.207254E-01   -9.739474E-03    5.825566E-01
4.832930E+03 106    0.000    0.000        0.000  2519609.814   0.000 TE   -4.184884E-02    1.525442E-01    3.133214E-01
6.951928E+03 106    0.000    0.000        0.000  2519609.814   0.000 TE    2.862150E-01    9.715888E-05    1.884634E-01
1.000000E+04 106    0.000    0.000        0.000  2519609.814   0.000 TE    1.119742E-01    4.358698E-02    4.426636E-01
1.000000E+01 112    0.000    0.000        0.000  2638919.745   0.000 TE   -4.863614E-01    5.560457E-12    2.732269E+00
2.976351E+01 112    0.000    0.000        0.000  2638919.745   0.000 TE    1.488393E+00    1.461026E+00    1.884172E+00
8.858668E+01 112    0.000    0.000        0.000  2638919.745   0.000 TE    1.092881E+00    8.529930E-01    2.056104E+00
2.636651E+02 112    0.000    0.000        0.000  2638919.745   0.000 TE    5.363110E-01    6.980059E-01    4.575550E+00
3.792690E+02 112    0.000    0.000        0.000  2638919.745   0.000 TE    4.504346E-01    5.002563E-01    1.652850E+00
5.455595E+02 112    0.000    0.000        0.000  2638919.745   0.000 TE    3.144659E-01    3.705001E-01    1.379714E+00
7.847600E+02 112    0.000    0.000        0.000  2638919.745   0.000 TE    2.352739E-01    3.885961E-01    8.806764E-01
1.128838E+03 112    0.000    0.000        0.000  2638919.745   0.000 TE    2.206839E-01    3.109809E-01    9.314417E-01
1.623777E+03 112    0.000    0.000        0.000  2638919.745   0.000 TE    1.472063E-01    2.421632E-01    4.203309E-01
2.335721E+03 112    0.000    0.000        0.000  2638919.745   0.000 TE    8.919835E-02    1.659117E-01    5.910434E-01
3.359818E+03 112    0.000    0.000        0.000  2638919.745   0.000 TE    1.449015E-01    1.680209E-01    1.887097E+00
4.832930E+03 112    0.000    0.000        0.000  2638919.745   0.000 TE    1.103161E-02    6.583918E-02    4.929937E-01
6.951928E+03 112    0.000    0.000        0.000  2638919.745   0.000 TE    5.339277E-02    1.235680E-01    2.787523E-01
1.000000E+04 112    0.000    0.000        0.000  2638919.745   0.000 TE   -9.380501E-02    1.019948E-02    4.772457E-01
1.000000E+01 115    0.000    0.000        0.000  2700339.113   0.000 TE    3.930643E+00    8.414566E-12    6.816866E+00
2.069138E+01 115    0.000    0.000        0.000  2700339.113   0.000 TE    9.918637E-01    1.133492E+00    7.320592E+00
2.976351E+01 115    0.000    0.000        0.000  2700339.113   0.000 TE    6.807437E-01    5.732645E-01    1.625135E+00
4.281332E+01 115    0.000    0.000        0.000  2700339.113   0.000 TE    6.512180E-01    3.684364E-01    3.455923E+00
6.158482E+01 115    0.000    0.000        0.000  2700339.113   0.000 TE    9.958209E-01    4.331560E-01    8.345144E+00
8.858668E+01 115    0.000    0.000        0.000  2700339.113   0.000 TE    6.052366E-01    5.634845E-01    1.112337E+00
1.832981E+02 115    0.000    0.000        0.000  2700339.113   0.000 TE    4.480758E-01    3.690723E-01    5.116934E+00
2.636651E+02 115    0.000    0.000        0.000  2700339.113   0.000 TE    2.388230E-01    4.082556E-01    2.182991E+00
3.792690E+02 115    0.000    0.000        0.000  2700339.113   0.000 TE    2.733956E-01    2.872411E-01    1.263320E+00
5.455595E+02 115    0.000    0.000        0.000  2700339.113   0.000 TE    2.146564E-01    1.036032E-01    3.714735E+00
7.847600E+02 115    0.000    0.000        0.000  2700339.113   0.000 TE    9.616727E-02    2.131492E-01    4.385248E-01
1.128838E+03 115    0.000    0.000        0.000  2700339.113   0.000 TE    8.427536E-02    1.834887E-01    3.851140E-01
1.623777E+03 115    0.000    0.000        0.000  2700339.113   0.000 TE    4.568694E-02    1.319237E-01    2.518645E-01
2.335721E+03 115    0.000    0.000        0.000  2700339.113   0.000 TE    3.112272E-02    8.932275E-02    2.568449E-01
3.359818E+03 115    0.000    0.000        0.000  2700339.113   0.000 TE    3.154521E-02    6.547124E-02    5.203712E-01
4.832930E+03 115    0.000    0.000        0.000  2700339.113   0.000 TE    1.561739E-02    4.249503E-02    1.876562E-01
6.951928E+03 115    0.000    0.000        0.000  2700339.113   0.000 TE    2.152552E-02    5.351748E-02    1.056880E-01
1.000000E+04 115    0.000    0.000        0.000  2700339.113   0.000 TE   -2.232924E-02   -6.707999E-03    2.422332E-01
2.976351E+01 121    0.000    0.000        0.000  2822024.227   0.000 TE    1.525156E+01    8.532284E+00    7.956536E+00
8.858668E+01 121    0.000    0.000        0.000  2822024.227   0.000 TE    9.848192E+00    8.199196E+00    9.445928E+00
7.847600E+02 121    0.000    0.000        0.000  2822024.227   0.000 TE    2.143821E+00    2.800906E+00    4.071930E+00
1.128838E+03 121    0.000    0.000        0.000  2822024.227   0.000 TE    7.502263E-01    2.733890E+00    3.402735E+00
1.623777E+03 121    0.000    0.000        0.000  2822024.227   0.000 TE    6.702714E-01    1.599150E+00    2.466132E+00
2.335721E+03 121    0.000    0.000        0.000  2822024.227   0.000 TE    8.773955E-01    1.561641E+00    3.453970E+00
3.359818E+03 121    0.000    0.000        0.000  2822024.227   0.000 TE    9.017177E-01    3.822997E-01    4.139141E+00
4.832930E+03 121    0.000    0.000        0.000  2822024.227   0.000 TE    3.581503E-02    7.372038E-01    1.580813E+00
6.951928E+03 121    0.000    0.000        0.000  2822024.227   0.000 TE    1.727861E-01    7.844884E-01    8.727505E-01
1.000000E+04 121    0.000    0.000        0.000  2822024.227   0.000 TE   -1.004494E+00   -4.861311E-02    2.940072E+00
1.000000E+01 127    0.000    0.000        0.000  2945049.118   0.000 TE    2.142726E+01   -4.917437E-13    8.787595E-01
1.438450E+01 127    0.000    0.000        0.000  2945049.118   0.000 TE    1.324066E+01    4.539957E+00    3.284934E-01
2.069138E+01 127    0.000    0.000        0.000  2945049.118   0.000 TE    1.219186E+01    5.061748E+00    4.511639E-01
2.976351E+01 127    0.000    0.000        0.000  2945049.118   0.000 TE    1.072870E+01    5.461182E+00    1.887569E-01
4.281332E+01 127    0.000    0.000        0.000  2945049.118   0.000 TE    8.912269E+00    5.620219E+00    1.053638E-01
6.158482E+01 127    0.000    0.000        0.000  2945049.118   0.000 TE    7.601265E+00    5.564411E+00    1.130521E-01
8.858668E+01 127    0.000    0.000        0.000  2945049.118   0.000 TE    5.968594E+00    5.035153E+00    9.580527E-02
1.274275E+02 127    0.000    0.000        0.000  2945049.118   0.000 TE    4.731740E+00    4.659495E+00    1.110507E-01
1.832981E+02 127    0.000    0.000        0.000  2945049.118   0.000 TE    3.427635E+00    4.137331E+00    1.189508E-01
2.636651E+02 127    0.000    0.000        0.000  2945049.118   0.000 TE    2.769103E+00    3.491739E+00    9.919746E-02
3.792690E+02 127    0.000    0.000        0.000  2945049.118   0.000 TE    1.974314E+00    2.857283E+00    1.007468E-01
5.455595E+02 127    0.000    0.000        0.000  2945049.118   0.000 TE    1.491510E+00    2.198219E+00    8.914393E-02
7.847600E+02 127    0.000    0.000        0.000  2945049.118   0.000 TE    1.171759E+00    1.872276E+00    1.507081E-01
1.128838E+03 127    0.000    0.000        0.000  2945049.118   0.000 TE    8.251418E-01    1.474253E+00    7.787902E-02
1.623777E+03 127    0.000    0.000        0.000  2945049.118   0.000 TE    5.440751E-01    1.207970E+00    7.972606E-02
2.335721E+03 127    0.000    0.000        0.000  2945049.118   0.000 TE    5.372658E-01    9.221595E-01    8.409823E-02
3.359818E+03 127    0.000    0.000        0.000  2945049.118   0.000 TE    4.232640E-01    6.554917E-01    6.829738E-02
4.832930E+03 127    0.000    0.000        0.000  2945049.118   0.000 TE    1.665900E-01    6.313160E-01    1.434025E-01
6.951928E+03 127    0.000    0.000        0.000  2945049.118   0.000 TE    1.588970E-01    4.409178E-01    4.644290E-02
1.000000E+04 127    0.000    0.000        0.000  2945049.118   0.000 TE    1.880404E-01    3.917592E-01    3.001799E-01
1.000000E+01 130    0.000    0.000        0.000  2999084.073   0.000 TE    2.423161E-01    2.223288E-14    4.423951E-02
1.438450E+01 130    0.000    0.000        0.000  2999084.073   0.000 TE    7.983361E-01    7.207416E-01    5.354112E-02
2.069138E+01 130    0.000    0.000        0.000  2999084.073   0.000 TE    8.793173E-01    7.114645E-01    6.461131E-02
2.976351E+01 130    0.000    0.000        0.000  2999084.073   0.000 TE    6.714703E-01    7.540249E-01    3.537548E-02
4.281332E+01 130    0.000    0.000        0.000  2999084.073   0.000 TE    4.298523E-01    7.311167E-01    2.245501E-02
6.158482E+01 130    0.000    0.000        0.000  2999084.073   0.000 TE    1.636678E-01    6.647876E-01    1.943894E-02
8.858668E+01 130    0.000    0.000        0.000  2999084.073   0.000 TE    1.507843E-03    4.708872E-01    1.764791E-02
1.274275E+02 130    0.000    0.000        0.000  2999084.073   0.000 TE   -5.230728E-02    2.546935E-01    1.684407E-02
1.832981E+02 130    0.000    0.000        0.000  2999084.073   0.000 TE   -1.037769E-01    1.908377E-01    2.118466E-02
2.636651E+02 130    0.000    0.000        0.000  2999084.073   0.000 TE   -6.137301E-02    1.022196E-01    1.789595E-02
3.792690E+02 130    0.000    0.000        0.000  2999084.073   0.000 TE   -7.621431E-02    3.449930E-02    2.334531E-02
5.455595E+02 130    0.000    0.000        0.000  2999084.073   0.000 TE   -3.740250E-02   -2.462984E-03    2.207353E-02
7.847600E+02 130    0.000    0.000        0.000  2999084.073   0.000 TE   -2.619704E-03   -1.762987E-02    3.302083E-02
1.128838E+03 130    0.000    0.000        0.000  2999084.073   0.000 TE    8.779635E-03    1.798192E-03    2.692431E-02
1.623777E+03 130    0.000    0.000        0.000  2999084.073   0.000 TE   -7.762768E-02    1.647009E-02    2.264297E-02
2.335721E+03 130    0.000    0.000        0.000  2999084.073   0.000 TE   -1.185630E-02   -5.541431E-03    2.455444E-02
3.359818E+03 130    0.000    0.000        0.000  2999084.073   0.000 TE    6.850235E-03   -3.214108E-02    3.522740E-02
4.832930E+03 130    0.000    0.000        0.000  2999084.073   0.000 TE    1.125882E-02   -1.661842E-02    4.477178E-02
6.951928E+03 130    0.000    0.000        0.000  2999084.073   0.000 TE   -2.139147E-02   -1.397974E-02    2.292773E-02
1.000000E+04 130    0.000    0.000        0.000  2999084.073   0.000 TE    1.960708E-02   -7.345365E-03    1.238897E-01
1.000000E+01 133    0.000    0.000        0.000  3066568.699   0.000 TE    4.773728E+00   -9.015878E-14    5.790325E-02
1.438450E+01 133    0.000    0.000        0.000  3066568.699   0.000 TE    3.437884E+00    1.740964E+00    7.591812E-02
2.069138E+01 133    0.000    0.000        0.000  3066568.699   0.000 TE    3.179240E+00    1.753532E+00    9.968517E-02
2.976351E+01 133    0.000    0.000        0.000  3066568.699   0.000 TE    2.859610E+00    1.635917E+00    4.707317E-02
4.281332E+01 133    0.000    0.000        0.000  3066568.699   0.000 TE    2.464758E+00    1.579925E+00    3.378817E-02
6.158482E+01 133    0.000    0.000        0.000  3066568.699   0.000 TE    2.173610E+00    1.468578E+00    3.531721E-02
8.858668E+01 133    0.000    0.000        0.000  3066568.699   0.000 TE    1.796258E+00    1.386933E+00    3.376477E-02
1.274275E+02 133    0.000    0.000        0.000  3066568.699   0.000 TE    1.461285E+00    1.267902E+00    3.523413E-02
1.832981E+02 133    0.000    0.000        0.000  3066568.699   0.000 TE    1.155690E+00    1.167513E+00    4.705904E-02
2.636651E+02 133    0.000    0.000        0.000  3066568.699   0.000 TE    9.147573E-01    1.063563E+00    4.452474E-02
3.792690E+02 133    0.000    0.000        0.000  3066568.699   0.000 TE    6.829082E-01    7.625832E-01    6.116153E-02
5.455595E+02 133    0.000    0.000        0.000  3066568.699   0.000 TE    6.017498E-01    6.151503E-01    6.546501E-02
7.847600E+02 133    0.000    0.000        0.000  3066568.699   0.000 TE    3.477805E-01    4.243662E-01    1.211097E-01
1.128838E+03 133    0.000    0.000        0.000  3066568.699   0.000 TE    2.417616E-01    4.798539E-01    7.763081E-02
1.623777E+03 133    0.000    0.000        0.000  3066568.699   0.000 TE    2.615977E-02    3.898718E-01    5.580003E-02
2.335721E+03 133    0.000    0.000        0.000  3066568.699   0.000 TE    1.186113E-01    2.411585E-01    5.562394E-02
3.359818E+03 133    0.000    0.000        0.000  3066568.699   0.000 TE    1.422617E-01    1.853874E-01    6.557284E-02
4.832930E+03 133    0.000    0.000        0.000  3066568.699   0.000 TE    1.496962E-01    1.931540E-01    8.397271E-02
6.951928E+03 133    0.000    0.000        0.000  3066568.699   0.000 TE    1.925057E-02    1.676552E-01    3.420381E-02
1.000000E+04 133    0.000    0.000        0.000  3066568.699   0.000 TE   -3.723213E-02    2.045871E-01    6.774200E-02
1.000000E+01 136    0.000    0.000        0.000  3133981.236   0.000 TE   -8.597105E+00    9.440628E-13    3.693996E-01
1.438450E+01 136    0.000    0.000        0.000  3133981.236   0.000 TE    1.250263E+00    2.228629E+00    4.063612E-01
2.069138E+01 136    0.000    0.000        0.000  3133981.236   0.000 TE    1.887101E+00    3.639282E+00    4.703629E-01
2.976351E+01 136    0.000    0.000        0.000  3133981.236   0.000 TE    1.936893E+00    4.173832E+00    2.607778E-01
4.281332E+01 136    0.000    0.000        0.000  3133981.236   0.000 TE    2.478978E+00    3.250409E+00    1.748519E-01
6.158482E+01 136    0.000    0.000        0.000  3133981.236   0.000 TE    1.356836E+00    2.397785E+00    1.619000E-01
8.858668E+01 136    0.000    0.000        0.000  3133981.236   0.000 TE    7.789132E-01    2.161620E+00    1.477337E-01
1.274275E+02 136    0.000    0.000        0.000  3133981.236   0.000 TE    3.226433E-01    1.240978E+00    1.228564E-01
1.832981E+02 136    0.000    0.000        0.000  3133981.236   0.000 TE   -1.390088E-02    1.101767E+00    1.547140E-01
2.636651E+02 136    0.000    0.000        0.000  3133981.236   0.000 TE    4.546523E-02    6.110555E-01    1.360723E-01
3.792690E+02 136    0.000    0.000        0.000  3133981.236   0.000 TE    2.201407E-02    7.935474E-01    1.587764E-01
5.455595E+02 136    0.000    0.000        0.000  3133981.236   0.000 TE   -2.086989E-01    6.197498E-01    1.711414E-01
7.847600E+02 136    0.000    0.000        0.000  3133981.236   0.000 TE    1.613376E-01    2.355411E-01    2.214354E-01
1.128838E+03 136    0.000    0.000        0.000  3133981.236   0.000 TE    1.992491E-02   -8.260772E-02    1.452814E-01
1.623777E+03 136    0.000    0.000        0.000  3133981.236   0.000 TE    4.769823E-02    1.107500E-01    9.331002E-02
2.335721E+03 136    0.000    0.000        0.000  3133981.236   0.000 TE   -6.794719E-02    2.372083E-01    9.331427E-02
3.359818E+03 136    0.000    0.000        0.000  3133981.236   0.000 TE   -1.670381E-01    6.978523E-02    8.099032E-02
4.832930E+03 136    0.000    0.000        0.000  3133981.236   0.000 TE   -9.848823E-02   -2.781777E-03    1.165803E-01
6.951928E+03 136    0.000    0.000        0.000  3133981.236   0.000 TE   -6.885570E-02    9.217056E-02    5.895322E-02
1.000000E+04 136    0.000    0.000        0.000  3133981.236   0.000 TE    1.373463E-02   -7.038642E-02    1.117144E-01
1.000000E+01 139    0.000    0.000        0.000  3186088.098   0.000 TE    9.232527E+01   -2.027131E-12    1.698547E+00
1.438450E+01 139    0.000    0.000        0.000  3186088.098   0.000 TE    4.572581E+01    6.038285E+01    1.192381E+00
2.069138E+01 139    0.000    0.000        0.000  3186088.098   0.000 TE    4.587979E+01    4.580779E+01    1.357665E+00
2.976351E+01 139    0.000    0.000        0.000  3186088.098   0.000 TE    3.608992E+01    3.477882E+01    8.671036E-01
4.281332E+01 139    0.000    0.000        0.000  3186088.098   0.000 TE    1.788319E+01    2.847785E+01    6.373831E-01
6.158482E+01 139    0.000    0.000        0.000  3186088.098   0.000 TE    1.436160E+01    2.812307E+01    5.765270E-01
8.858668E+01 139    0.000    0.000        0.000  3186088.098   0.000 TE    1.216105E+01    1.924358E+01    4.906860E-01
1.274275E+02 139    0.000    0.000        0.000  3186088.098   0.000 TE    8.655268E+00    1.721885E+01    3.620725E-01
1.832981E+02 139    0.000    0.000        0.000  3186088.098   0.000 TE    7.013637E+00    1.395375E+01    4.015397E-01
2.636651E+02 139    0.000    0.000        0.000  3186088.098   0.000 TE    5.114803E+00    1.033856E+01    3.354547E-01
3.792690E+02 139    0.000    0.000        0.000  3186088.098   0.000 TE    3.880450E+00    8.041611E+00    4.027029E-01
5.455595E+02 139    0.000    0.000        0.000  3186088.098   0.000 TE    2.795648E+00    6.154741E+00    4.000480E-01
7.847600E+02 139    0.000    0.000        0.000  3186088.098   0.000 TE    1.889345E+00    5.186799E+00    5.070556E-01
1.128838E+03 139    0.000    0.000        0.000  3186088.098   0.000 TE    2.010336E+00    4.139501E+00    3.794531E-01
1.623777E+03 139    0.000    0.000        0.000  3186088.098   0.000 TE    1.191464E+00    3.203970E+00    2.401954E-01
2.335721E+03 139    0.000    0.000        0.000  3186088.098   0.000 TE    1.293775E+00    2.366429E+00    2.448456E-01
3.359818E+03 139    0.000    0.000        0.000  3186088.098   0.000 TE    9.062970E-01    2.122234E+00    2.141675E-01
4.832930E+03 139    0.000    0.000        0.000  3186088.098   0.000 TE    1.491567E-01    1.808536E+00    3.328946E-01
6.951928E+03 139    0.000    0.000        0.000  3186088.098   0.000 TE    4.653475E-01    9.812067E-01    1.470154E-01
1.000000E+04 139    0.000    0.000        0.000  3186088.098   0.000 TE    3.510310E-01    9.786210E-01    1.944861E-01
1.000000E+01 142    0.000    0.000        0.000  3245895.754   0.000 TE    6.305633E+01    2.824966E-14    7.563887E-01
1.438450E+01 142    0.000    0.000        0.000  3245895.754   0.000 TE    5.328303E+01    5.150198E+01    7.410489E-01
2.069138E+01 142    0.000    0.000        0.000  3245895.754   0.000 TE    4.623919E+01    4.612372E+01    6.531049E-01
2.976351E+01 142    0.000    0.000        0.000  3245895.754   0.000 TE    3.519233E+01    3.972735E+01    5.307318E-01
4.281332E+01 142    0.000    0.000        0.000  3245895.754   0.000 TE    2.693469E+01    3.436450E+01    4.366230E-01
6.158482E+01 142    0.000    0.000        0.000  3245895.754   0.000 TE    1.992126E+01    3.013613E+01    3.612538E-01
8.858668E+01 142    0.000    0.000        0.000  3245895.754   0.000 TE    1.484795E+01    2.441370E+01    2.857430E-01
1.274275E+02 142    0.000    0.000        0.000  3245895.754   0.000 TE    1.007836E+01    1.933879E+01    2.220284E-01
1.832981E+02 142    0.000    0.000        0.000  3245895.754   0.000 TE    7.412263E+00    1.570318E+01    2.742287E-01
2.636651E+02 142    0.000    0.000        0.000  3245895.754   0.000 TE    5.030211E+00    1.167871E+01    2.649708E-01
3.792690E+02 142    0.000    0.000        0.000  3245895.754   0.000 TE    4.026155E+00    8.828057E+00    3.385026E-01
5.455595E+02 142    0.000    0.000        0.000  3245895.754   0.000 TE    2.795460E+00    6.616635E+00    3.364298E-01
7.847600E+02 142    0.000    0.000        0.000  3245895.754   0.000 TE    1.833903E+00    5.255705E+00    4.569768E-01
1.128838E+03 142    0.000    0.000        0.000  3245895.754   0.000 TE    1.665951E+00    4.313366E+00    3.408107E-01
1.623777E+03 142    0.000    0.000        0.000  3245895.754   0.000 TE    1.421936E+00    3.236558E+00    2.081986E-01
2.335721E+03 142    0.000    0.000        0.000  3245895.754   0.000 TE    1.182017E+00    2.403752E+00    2.109596E-01
3.359818E+03 142    0.000    0.000        0.000  3245895.754   0.000 TE    8.333595E-01    2.011856E+00    1.538072E-01
4.832930E+03 142    0.000    0.000        0.000  3245895.754   0.000 TE    3.821900E-01    1.806295E+00    2.540194E-01
6.951928E+03 142    0.000    0.000        0.000  3245895.754   0.000 TE    3.304985E-01    1.044711E+00    1.059784E-01
1.000000E+04 142    0.000    0.000        0.000  3245895.754   0.000 TE    3.927785E-01    7.751383E-01    1.478512E-01
1.000000E+01 145    0.000    0.000        0.000  3308983.795   0.000 TE    3.897696E+01   -2.037875E-12    1.150872E+00
1.438450E+01 145    0.000    0.000        0.000  3308983.795   0.000 TE    5.203890E+01    5.802782E+01    7.794405E-01
2.069138E+01 145    0.000    0.000        0.000  3308983.795   0.000 TE    4.603815E+01    5.079620E+01    8.197289E-01
2.976351E+01 145    0.000    0.000        0.000  3308983.795   0.000 TE    3.637673E+01    4.122792E+01    7.974216E-01
4.281332E+01 145    0.000    0.000        0.000  3308983.795   0.000 TE    2.659676E+01    3.592933E+01    6.913213E-01
6.158482E+01 145    0.000    0.000        0.000  3308983.795   0.000 TE    1.761576E+01    3.184179E+01    5.920266E-01
8.858668E+01 145    0.000    0.000        0.000  3308983.795   0.000 TE    1.305438E+01    2.534632E+01    5.425561E-01
1.274275E+02 145    0.000    0.000        0.000  3308983.795   0.000 TE    8.584342E+00    2.018492E+01    4.734618E-01
1.832981E+02 145    0.000    0.000        0.000  3308983.795   0.000 TE    6.473862E+00    1.590104E+01    5.442680E-01
2.636651E+02 145    0.000    0.000        0.000  3308983.795   0.000 TE    4.408385E+00    1.187605E+01    5.348637E-01
3.792690E+02 145    0.000    0.000        0.000  3308983.795   0.000 TE    2.494680E+00    8.325692E+00    8.078691E-01
5.455595E+02 145    0.000    0.000        0.000  3308983.795   0.000 TE    2.528702E+00    6.560758E+00    7.218035E-01
7.847600E+02 145    0.000    0.000        0.000  3308983.795   0.000 TE    1.075492E+00    4.803071E+00    9.185224E-01
1.128838E+03 145    0.000    0.000        0.000  3308983.795   0.000 TE    5.409061E-01    4.151544E+00    5.826790E-01
1.623777E+03 145    0.000    0.000        0.000  3308983.795   0.000 TE    6.063494E-01    3.072087E+00    3.891630E-01
2.335721E+03 145    0.000    0.000        0.000  3308983.795   0.000 TE    4.174634E-01    2.155522E+00    3.539507E-01
3.359818E+03 145    0.000    0.000        0.000  3308983.795   0.000 TE    2.239608E-01    2.227125E+00    5.027146E-01
4.832930E+03 145    0.000    0.000        0.000  3308983.795   0.000 TE    9.574558E-01    1.017509E+00    5.255191E-01
6.951928E+03 145    0.000    0.000        0.000  3308983.795   0.000 TE    1.528087E+00    4.307001E-01    4.378524E-01
1.000000E+04 145    0.000    0.000        0.000  3308983.795   0.000 TE    2.235123E-01    6.774694E-01    5.666487E-01
1.000000E+01 148    0.000    0.000        0.000  3367006.914   0.000 TE    4.152919E+00   -2.734194E-15    1.897535E-01
1.438450E+01 148    0.000    0.000        0.000  3367006.914   0.000 TE    2.689748E+00    2.616887E+00    2.965986E-01
2.069138E+01 148    0.000    0.000        0.000  3367006.914   0.000 TE    2.158698E+00    2.230391E+00    1.974243E-01
2.976351E+01 148    0.000    0.000        0.000  3367006.914   0.000 TE    1.541095E+00    2.075404E+00    6.542823E-02
4.281332E+01 148    0.000    0.000        0.000  3367006.914   0.000 TE    1.022952E+00    1.791036E+00    7.511269E-02
6.158482E+01 148    0.000    0.000        0.000  3367006.914   0.000 TE    6.790685E-01    1.520000E+00    5.543327E-02
8.858668E+01 148    0.000    0.000        0.000  3367006.914   0.000 TE    3.442039E-01    1.145941E+00    3.687932E-02
1.274275E+02 148    0.000    0.000        0.000  3367006.914   0.000 TE    1.430140E-01    8.544253E-01    2.397624E-02
1.832981E+02 148    0.000    0.000        0.000  3367006.914   0.000 TE    9.016694E-02    6.129155E-01    2.441599E-02
2.636651E+02 148    0.000    0.000        0.000  3367006.914   0.000 TE    1.000278E-02    4.414683E-01    1.815499E-02
3.792690E+02 148    0.000    0.000        0.000  3367006.914   0.000 TE   -1.355574E-04    2.660362E-01    2.249473E-02
5.455595E+02 148    0.000    0.000        0.000  3367006.914   0.000 TE    5.190469E-02    2.014711E-01    2.302390E-02
7.847600E+02 148    0.000    0.000        0.000  3367006.914   0.000 TE    3.308669E-02    1.342979E-01    2.718159E-02
1.128838E+03 148    0.000    0.000        0.000  3367006.914   0.000 TE   -1.613780E-04    1.215055E-01    2.457877E-02
1.623777E+03 148    0.000    0.000        0.000  3367006.914   0.000 TE    1.313927E-02    7.047005E-02    1.833692E-02
2.335721E+03 148    0.000    0.000        0.000  3367006.914   0.000 TE    7.281620E-03    7.674245E-02    1.896598E-02
3.359818E+03 148    0.000    0.000        0.000  3367006.914   0.000 TE    2.540369E-02    5.374393E-02    1.729484E-02
4.832930E+03 148    0.000    0.000        0.000  3367006.914   0.000 TE    1.775810E-02    1.932508E-03    1.480841E-02
6.951928E+03 148    0.000    0.000        0.000  3367006.914   0.000 TE    4.730847E-03    2.315435E-02    8.330203E-03
1.000000E+04 148    0.000    0.000        0.000  3367006.914   0.000 TE   -2.611956E-03    4.029143E-02    8.631196E-03
1.000000E+01 152    0.000    0.000        0.000  3450931.121   0.000 TE    4.152919E+00   -2.734194E-15    1.897535E-01
1.438450E+01 152    0.000    0.000        0.000  3450931.121   0.000 TE    2.689748E+00    2.616887E+00    2.965986E-01
2.069138E+01 152    0.000    0.000        0.000  3450931.121   0.000 TE    2.158698E+00    2.230391E+00    1.974243E-01
2.976351E+01 152    0.000    0.000        0.000  3450931.121   0.000 TE    1.541095E+00    2.075404E+00    6.542823E-02
4.281332E+01 152    0.000    0.000        0.000  3450931.121   0.000 TE    1.022952E+00    1.791036E+00    7.511269E-02
6.158482E+01 152    0.000    0.000        0.000  3450931.121   0.000 TE    6.790685E-01    1.520000E+00    5.543327E-02
8.858668E+01 152    0.000    0.000        0.000  3450931.121   0.000 TE    3.442039E-01    1.145941E+00    3.687932E-02
1.274275E+02 152    0.000    0.000        0.000  3450931.121   0.000 TE    1.430140E-01    8.544253E-01    2.397624E-02
1.832981E+02 152    0.000    0.000        0.000  3450931.121   0.000 TE    9.016694E-02    6.129155E-01    2.441599E-02
2.636651E+02 152    0.000    0.000        0.000  3450931.121   0.000 TE    1.000278E-02    4.414683E-01    1.815499E-02
3.792690E+02 152    0.000    0.000        0.000  3450931.121   0.000 TE   -1.355574E-04    2.660362E-01    2.249473E-02
5.455595E+02 152    0.000    0.000        0.000  3450931.121   0.000 TE    5.190469E-02    2.014711E-01    2.302390E-02
7.847600E+02 152    0.000    0.000        0.000  3450931.121   0.000 TE    3.308669E-02    1.342979E-01    2.718159E-02
1.128838E+03 152    0.000    0.000        0.000  3450931.121   0.000 TE   -1.613780E-04    1.215055E-01    2.457877E-02
1.623777E+03 152    0.000    0.000        0.000  3450931.121   0.000 TE    1.313927E-02    7.047005E-02    1.833692E-02
2.335721E+03 152    0.000    0.000        0.000  3450931.121   0.000 TE    7.281620E-03    7.674245E-02    1.896598E-02
3.359818E+03 152    0.000    0.000        0.000  3450931.121   0.000 TE    2.540369E-02    5.374393E-02    1.729484E-02
4.832930E+03 152    0.000    0.000        0.000  3450931.121   0.000 TE    1.775810E-02    1.932508E-03    1.480841E-02
6.951928E+03 152    0.000    0.000        0.000  3450931.121   0.000 TE    4.730847E-03    2.315435E-02    8.330203E-03
1.000000E+04 152    0.000    0.000        0.000  3450931.121   0.000 TE   -2.611956E-03    4.029143E-02    8.631196E-03
1.000000E+01 155    0.000    0.000        0.000  3514281.695   0.000 TE    7.315267E-01    6.951673E-15    2.700876E-02
1.438450E+01 155    0.000    0.000        0.000  3514281.695   0.000 TE    3.962708E-01    2.316538E+00    2.350187E-02
2.069138E+01 155    0.000    0.000        0.000  3514281.695   0.000 TE    3.180827E-01    1.724405E+00    1.753496E-02
2.976351E+01 155    0.000    0.000        0.000  3514281.695   0.000 TE    2.345465E-01    1.222325E+00    1.244625E-02
4.281332E+01 155    0.000    0.000        0.000  3514281.695   0.000 TE    1.904925E-01    8.608564E-01    8.816808E-03
6.158482E+01 155    0.000    0.000        0.000  3514281.695   0.000 TE    1.496680E-01    6.194218E-01    6.372471E-03
8.858668E+01 155    0.000    0.000        0.000  3514281.695   0.000 TE    1.259634E-01    4.504440E-01    4.677249E-03
1.274275E+02 155    0.000    0.000        0.000  3514281.695   0.000 TE    1.176984E-01    3.280839E-01    3.485570E-03
1.832981E+02 155    0.000    0.000        0.000  3514281.695   0.000 TE    1.037393E-01    2.442781E-01    2.912273E-03
2.636651E+02 155    0.000    0.000        0.000  3514281.695   0.000 TE    9.132698E-02    1.797218E-01    2.124553E-03
3.792690E+02 155    0.000    0.000        0.000  3514281.695   0.000 TE    7.968511E-02    1.465073E-01    2.247283E-03
5.455595E+02 155    0.000    0.000        0.000  3514281.695   0.000 TE    6.534220E-02    1.185585E-01    2.057222E-03
7.847600E+02 155    0.000    0.000        0.000  3514281.695   0.000 TE    5.224443E-02    9.525147E-02    3.080724E-03
1.128838E+03 155    0.000    0.000        0.000  3514281.695   0.000 TE    3.162540E-02    7.924125E-02    2.487885E-03
1.623777E+03 155    0.000    0.000        0.000  3514281.695   0.000 TE    2.105650E-02    6.129292E-02    2.209063E-03
2.335721E+03 155    0.000    0.000        0.000  3514281.695   0.000 TE    1.495757E-02    5.002523E-02    1.956397E-03
3.359818E+03 155    0.000    0.000        0.000  3514281.695   0.000 TE    7.758780E-03    3.514366E-02    1.840947E-03
4.832930E+03 155    0.000    0.000        0.000  3514281.695   0.000 TE    5.068967E-03    2.972673E-02    2.189209E-03
6.951928E+03 155    0.000    0.000        0.000  3514281.695   0.000 TE    1.514561E-03    1.964119E-02    1.138534E-03
1.000000E+04 155    0.000    0.000        0.000  3514281.695   0.000 TE    2.019238E-03    1.508012E-02    2.301946E-03
1.000000E+01 157    0.000    0.000        0.000  3555582.471   0.000 TE    2.942991E+00   -6.466099E-14    1.024690E-01
1.438450E+01 157    0.000    0.000        0.000  3555582.471   0.000 TE    1.309741E+00    2.946694E+00    8.003260E-02
2.069138E+01 157    0.000    0.000        0.000  3555582.471   0.000 TE    7.496418E-01    2.351211E+00    6.863678E-02
2.976351E+01 157    0.000    0.000        0.000  3555582.471   0.000 TE    4.707914E-01    1.752594E+00    2.116038E-02
4.281332E+01 157    0.000    0.000        0.000  3555582.471   0.000 TE    2.646715E-01    1.216206E+00    1.244672E-02
6.158482E+01 157    0.000    0.000        0.000  3555582.471   0.000 TE    1.789630E-01    9.121064E-01    9.421280E-03
8.858668E+01 157    0.000    0.000        0.000  3555582.471   0.000 TE    1.259694E-01    6.441443E-01    9.422804E-03
1.274275E+02 157    0.000    0.000        0.000  3555582.471   0.000 TE    6.782645E-02    4.795347E-01    6.575101E-03
1.832981E+02 157    0.000    0.000        0.000  3555582.471   0.000 TE    5.120940E-02    3.429100E-01    7.037322E-03
2.636651E+02 157    0.000    0.000        0.000  3555582.471   0.000 TE    2.685968E-02    2.666475E-01    5.566125E-03
3.792690E+02 157    0.000    0.000        0.000  3555582.471   0.000 TE    1.998828E-02    1.734038E-01    5.060591E-03
5.455595E+02 157    0.000    0.000        0.000  3555582.471   0.000 TE    1.297039E-02    1.206637E-01    3.440426E-03
7.847600E+02 157    0.000    0.000        0.000  3555582.471   0.000 TE    7.642302E-03    8.735013E-02    3.678417E-03
1.128838E+03 157    0.000    0.000        0.000  3555582.471   0.000 TE    6.646914E-03    5.893077E-02    2.285717E-03
1.623777E+03 157    0.000    0.000        0.000  3555582.471   0.000 TE    6.403173E-03    3.971119E-02    2.098225E-03
2.335721E+03 157    0.000    0.000        0.000  3555582.471   0.000 TE    2.507909E-03    3.167879E-02    2.424386E-03
3.359818E+03 157    0.000    0.000        0.000  3555582.471   0.000 TE    4.527804E-03    2.631049E-02    3.482081E-03
4.832930E+03 157    0.000    0.000        0.000  3555582.471   0.000 TE    2.184204E-03    1.548891E-02    6.690912E-03
6.951928E+03 157    0.000    0.000        0.000  3555582.471   0.000 TE    3.029663E-03    1.312560E-02    3.953218E-03
1.000000E+04 157    0.000    0.000        0.000  3555582.471   0.000 TE    2.219982E-03    1.082940E-02    1.260338E-02
1.000000E+01 160    0.000    0.000        0.000  3618350.626   0.000 TE    9.338878E+00    7.052498E-14    1.572515E-01
1.438450E+01 160    0.000    0.000        0.000  3618350.626   0.000 TE    4.726426E+00    9.294040E+00    1.050426E-01
2.069138E+01 160    0.000    0.000        0.000  3618350.626   0.000 TE    4.150298E+00    6.915069E+00    8.372592E-02
2.976351E+01 160    0.000    0.000        0.000  3618350.626   0.000 TE    3.824022E+00    5.183496E+00    6.441411E-02
4.281332E+01 160    0.000    0.000        0.000  3618350.626   0.000 TE    3.516170E+00    3.913897E+00    5.261372E-02
6.158482E+01 160    0.000    0.000        0.000  3618350.626   0.000 TE    3.228229E+00    3.199566E+00    4.545182E-02
8.858668E+01 160    0.000    0.000        0.000  3618350.626   0.000 TE    2.936197E+00    2.631883E+00    3.943103E-02
1.274275E+02 160    0.000    0.000        0.000  3618350.626   0.000 TE    2.601660E+00    2.275467E+00    3.456355E-02
1.832981E+02 160    0.000    0.000        0.000  3618350.626   0.000 TE    2.273520E+00    2.002396E+00    3.029601E-02
2.636651E+02 160    0.000    0.000        0.000  3618350.626   0.000 TE    1.912079E+00    1.780196E+00    2.612498E-02
3.792690E+02 160    0.000    0.000        0.000  3618350.626   0.000 TE    1.571491E+00    1.615797E+00    2.253971E-02
5.455595E+02 160    0.000    0.000        0.000  3618350.626   0.000 TE    1.237692E+00    1.395822E+00    2.021358E-02
7.847600E+02 160    0.000    0.000        0.000  3618350.626   0.000 TE    9.627165E-01    1.248767E+00    3.035002E-02
1.128838E+03 160    0.000    0.000        0.000  3618350.626   0.000 TE    6.741086E-01    1.004342E+00    2.221756E-02
1.623777E+03 160    0.000    0.000        0.000  3618350.626   0.000 TE    4.491460E-01    8.410485E-01    1.674066E-02
2.335721E+03 160    0.000    0.000        0.000  3618350.626   0.000 TE    3.386745E-01    6.954461E-01    2.013386E-02
3.359818E+03 160    0.000    0.000        0.000  3618350.626   0.000 TE    2.176283E-01    5.508310E-01    1.283537E-02
4.832930E+03 160    0.000    0.000        0.000  3618350.626   0.000 TE    1.189067E-01    4.385499E-01    1.892688E-02
6.951928E+03 160    0.000    0.000        0.000  3618350.626   0.000 TE    6.105942E-02    3.156809E-01    9.409788E-03
1.000000E+04 160    0.000    0.000        0.000  3618350.626   0.000 TE    1.070655E-02    2.596268E-01    2.303250E-02
1.000000E+01 163    0.000    0.000        0.000  3677657.071   0.000 TE    1.025645E+01    2.966288E-14    1.150256E-01
1.438450E+01 163    0.000    0.000        0.000  3677657.071   0.000 TE    7.468875E+00    8.212383E+00    1.110078E-01
2.069138E+01 163    0.000    0.000        0.000  3677657.071   0.000 TE    6.364845E+00    6.828518E+00    9.334876E-02
2.976351E+01 163    0.000    0.000        0.000  3677657.071   0.000 TE    5.314722E+00    5.702405E+00    7.795107E-02
4.281332E+01 163    0.000    0.000        0.000  3677657.071   0.000 TE    4.334988E+00    4.695934E+00    6.390925E-02
6.158482E+01 163    0.000    0.000        0.000  3677657.071   0.000 TE    3.562215E+00    3.950896E+00    5.319676E-02
8.858668E+01 163    0.000    0.000        0.000  3677657.071   0.000 TE    2.979132E+00    3.257661E+00    4.414474E-02
1.274275E+02 163    0.000    0.000        0.000  3677657.071   0.000 TE    2.477875E+00    2.735697E+00    3.691057E-02
1.832981E+02 163    0.000    0.000        0.000  3677657.071   0.000 TE    2.036918E+00    2.331546E+00    3.095988E-02
2.636651E+02 163    0.000    0.000        0.000  3677657.071   0.000 TE    1.619722E+00    1.964381E+00    2.546035E-02
3.792690E+02 163    0.000    0.000        0.000  3677657.071   0.000 TE    1.247170E+00    1.712990E+00    2.118907E-02
5.455595E+02 163    0.000    0.000        0.000  3677657.071   0.000 TE    9.489715E-01    1.393829E+00    2.003408E-02
7.847600E+02 163    0.000    0.000        0.000  3677657.071   0.000 TE    7.125525E-01    1.178678E+00    2.893022E-02
1.128838E+03 163    0.000    0.000        0.000  3677657.071   0.000 TE    4.864008E-01    8.973713E-01    1.929659E-02
1.623777E+03 163    0.000    0.000        0.000  3677657.071   0.000 TE    3.144259E-01    7.229706E-01    1.443112E-02
2.335721E+03 163    0.000    0.000        0.000  3677657.071   0.000 TE    2.385508E-01    5.830451E-01    1.553003E-02
3.359818E+03 163    0.000    0.000        0.000  3677657.071   0.000 TE    1.451963E-01    4.487388E-01    1.012772E-02
4.832930E+03 163    0.000    0.000        0.000  3677657.071   0.000 TE    7.339492E-02    3.565652E-01    1.458480E-02
6.951928E+03 163    0.000    0.000        0.000  3677657.071   0.000 TE    3.873385E-02    2.526303E-01    8.467258E-03
1.000000E+04 163    0.000    0.000        0.000  3677657.071   0.000 TE    2.889933E-03    2.042836E-01    1.868457E-02
1.000000E+01 169    0.000    0.000        0.000  3797978.422   0.000 TE    3.146299E+01   -2.342090E-12    5.923903E-01
1.438450E+01 169    0.000    0.000        0.000  3797978.422   0.000 TE    3.373267E+01    3.023575E+01    4.530004E-01
2.069138E+01 169    0.000    0.000        0.000  3797978.422   0.000 TE    2.976901E+01    2.657301E+01    3.990387E-01
2.976351E+01 169    0.000    0.000        0.000  3797978.422   0.000 TE    2.573778E+01    2.312130E+01    3.459810E-01
4.281332E+01 169    0.000    0.000        0.000  3797978.422   0.000 TE    2.067734E+01    2.025582E+01    2.894564E-01
6.158482E+01 169    0.000    0.000        0.000  3797978.422   0.000 TE    1.619563E+01    1.920112E+01    2.511934E-01
8.858668E+01 169    0.000    0.000        0.000  3797978.422   0.000 TE    1.346138E+01    1.551627E+01    2.054175E-01
1.274275E+02 169    0.000    0.000        0.000  3797978.422   0.000 TE    9.926138E+00    1.397046E+01    1.713773E-01
1.832981E+02 169    0.000    0.000        0.000  3797978.422   0.000 TE    7.537523E+00    1.193516E+01    2.340083E-01
2.636651E+02 169    0.000    0.000        0.000  3797978.422   0.000 TE    4.687375E+00    9.641016E+00    1.738297E-01
3.792690E+02 169    0.000    0.000        0.000  3797978.422   0.000 TE    2.933511E+00    8.013890E+00    1.717859E-01
5.455595E+02 169    0.000    0.000        0.000  3797978.422   0.000 TE    2.146833E+00    5.937540E+00    1.363364E-01
7.847600E+02 169    0.000    0.000        0.000  3797978.422   0.000 TE    1.236052E+00    4.332488E+00    1.330776E-01
1.128838E+03 169    0.000    0.000        0.000  3797978.422   0.000 TE    7.462176E-01    3.084044E+00    1.010331E-01
1.623777E+03 169    0.000    0.000        0.000  3797978.422   0.000 TE    3.249123E-01    2.394423E+00    8.986443E-02
2.335721E+03 169    0.000    0.000        0.000  3797978.422   0.000 TE    1.858649E-01    1.764935E+00    7.274469E-02
3.359818E+03 169    0.000    0.000        0.000  3797978.422   0.000 TE    2.308899E-02    1.205174E+00    6.556498E-02
4.832930E+03 169    0.000    0.000        0.000  3797978.422   0.000 TE   -6.177541E-02    9.069653E-01    9.588014E-02
6.951928E+03 169    0.000    0.000        0.000  3797978.422   0.000 TE   -1.208589E-01    5.241755E-01    3.723344E-02
1.000000E+04 169    0.000    0.000        0.000  3797978.422   0.000 TE   -1.530741E-01    4.161590E-01    8.098692E-02
1.000000E+01 172    0.000    0.000        0.000  3860672.374   0.000 TE    7.116814E+00    2.203582E-12    5.037229E-01
1.438450E+01 172    0.000    0.000        0.000  3860672.374   0.000 TE    5.222360E+00    1.217902E+01    2.327051E-01
2.069138E+01 172    0.000    0.000        0.000  3860672.374   0.000 TE    4.136306E+00    9.163884E+00    1.807520E-01
2.976351E+01 172    0.000    0.000        0.000  3860672.374   0.000 TE    3.444890E+00    7.012263E+00    9.938435E-02
4.281332E+01 172    0.000    0.000        0.000  3860672.374   0.000 TE    2.827091E+00    5.452039E+00    7.475792E-02
6.158482E+01 172    0.000    0.000        0.000  3860672.374   0.000 TE    2.295187E+00    4.393835E+00    4.957184E-02
8.858668E+01 172    0.000    0.000        0.000  3860672.374   0.000 TE    1.779144E+00    3.501753E+00    3.927802E-02
1.274275E+02 172    0.000    0.000        0.000  3860672.374   0.000 TE    1.282344E+00    2.822726E+00    3.100354E-02
1.832981E+02 172    0.000    0.000        0.000  3860672.374   0.000 TE    9.632343E-01    2.242889E+00    2.440978E-02
2.636651E+02 172    0.000    0.000        0.000  3860672.374   0.000 TE    5.949359E-01    1.725318E+00    1.825013E-02
3.792690E+02 172    0.000    0.000        0.000  3860672.374   0.000 TE    4.110169E-01    1.294830E+00    1.358499E-02
5.455595E+02 172    0.000    0.000        0.000  3860672.374   0.000 TE    3.019261E-01    9.589731E-01    1.008066E-02
7.847600E+02 172    0.000    0.000        0.000  3860672.374   0.000 TE    2.032647E-01    7.174165E-01    1.032329E-02
1.128838E+03 172    0.000    0.000        0.000  3860672.374   0.000 TE    1.419121E-01    5.163250E-01    9.675148E-03
1.623777E+03 172    0.000    0.000        0.000  3860672.374   0.000 TE    1.022757E-01    3.738953E-01    7.888087E-03
2.335721E+03 172    0.000    0.000        0.000  3860672.374   0.000 TE    7.660433E-02    2.980665E-01    1.312142E-02
3.359818E+03 172    0.000    0.000        0.000  3860672.374   0.000 TE    5.087931E-02    2.197900E-01    1.264662E-02
4.832930E+03 172    0.000    0.000        0.000  3860672.374   0.000 TE    3.361148E-02    1.693825E-01    1.351542E-02
6.951928E+03 172    0.000    0.000        0.000  3860672.374   0.000 TE    1.059115E-02    1.208703E-01    8.534966E-03
1.000000E+04 172    0.000    0.000        0.000  3860672.374   0.000 TE    3.837693E-03    9.953364E-02    5.615597E-03
1.000000E+01 175    0.000    0.000        0.000  3922937.302   0.000 TE    2.458937E+01    1.255241E-11    7.396291E-01
1.438450E+01 175    0.000    0.000        0.000  3922937.302   0.000 TE    1.802370E+01    2.681898E+01    3.231272E-01
2.069138E+01 175    0.000    0.000        0.000  3922937.302   0.000 TE    1.534541E+01    2.185616E+01    2.670531E-01
2.976351E+01 175    0.000    0.000        0.000  3922937.302   0.000 TE    1.281140E+01    1.746686E+01    2.166156E-01
4.281332E+01 175    0.000    0.000        0.000  3922937.302   0.000 TE    1.057193E+01    1.425915E+01    1.775075E-01
6.158482E+01 175    0.000    0.000        0.000  3922937.302   0.000 TE    8.571299E+00    1.203518E+01    1.477541E-01
8.858668E+01 175    0.000    0.000        0.000  3922937.302   0.000 TE    6.638517E+00    9.853734E+00    1.188133E-01
1.274275E+02 175    0.000    0.000        0.000  3922937.302   0.000 TE    5.257946E+00    8.031118E+00    9.599211E-02
1.832981E+02 175    0.000    0.000        0.000  3922937.302   0.000 TE    4.058949E+00    6.383152E+00    7.564371E-02
2.636651E+02 175    0.000    0.000        0.000  3922937.302   0.000 TE    3.106583E+00    5.022382E+00    5.905521E-02
3.792690E+02 175    0.000    0.000        0.000  3922937.302   0.000 TE    2.495161E+00    3.745646E+00    4.500633E-02
5.455595E+02 175    0.000    0.000        0.000  3922937.302   0.000 TE    1.992992E+00    3.076576E+00    3.665697E-02
7.847600E+02 175    0.000    0.000        0.000  3922937.302   0.000 TE    1.658496E+00    2.429019E+00    3.397624E-02
1.128838E+03 175    0.000    0.000        0.000  3922937.302   0.000 TE    1.242016E+00    1.900379E+00    3.961423E-02
1.623777E+03 175    0.000    0.000        0.000  3922937.302   0.000 TE    1.085880E+00    1.587580E+00    3.375531E-02
2.335721E+03 175    0.000    0.000        0.000  3922937.302   0.000 TE    8.131842E-01    1.375082E+00    3.891794E-02
3.359818E+03 175    0.000    0.000        0.000  3922937.302   0.000 TE    5.959213E-01    1.121485E+00    3.834815E-02
4.832930E+03 175    0.000    0.000        0.000  3922937.302   0.000 TE    3.883499E-01    8.898539E-01    4.128180E-02
6.951928E+03 175    0.000    0.000        0.000  3922937.302   0.000 TE    2.433659E-01    8.059305E-01    5.204069E-02
1.000000E+04 175    0.000    0.000        0.000  3922937.302   0.000 TE    1.805739E-02    6.743739E-01    4.055671E-02
# Synthetic 2D MT data written in Matlab by Wuph
# Period(s) Code GG_Lat GG_Lon X(m) Y(m) Z(m) Component Real Imag Error
> TM_Impedance
> exp(-i
> [mV/km]/[nT]
> 0.00
> 0.000 0.000
> 20 21
1.438450E+01 103    0.000    0.000        0.000  2452171.567   0.000 TM   -1.200553E-01   -1.165002E+00    3.911574E+00
2.069138E+01 103    0.000    0.000        0.000  2452171.567   0.000 TM   -2.366433E-01   -6.988513E-01    3.264858E+00
2.976351E+01 103    0.000    0.000        0.000  2452171.567   0.000 TM   -8.484580E-02   -4.920138E-01    5.573192E-01
4.281332E+01 103    0.000    0.000        0.000  2452171.567   0.000 TM   -1.086874E-01   -3.087478E-01    4.802516E-01
6.158482E+01 103    0.000    0.000        0.000  2452171.567   0.000 TM   -1.474028E-01   -8.465319E-01    1.798154E+00
8.858668E+01 103    0.000    0.000        0.000  2452171.567   0.000 TM    5.762530E-03   -1.699166E-01    4.720861E-01
1.274275E+02 103    0.000    0.000        0.000  2452171.567   0.000 TM    1.935237E-01   -2.100263E-01    1.027933E+00
1.832981E+02 103    0.000    0.000        0.000  2452171.567   0.000 TM   -2.994999E-01    4.701223E-01    1.629137E+00
2.636651E+02 103    0.000    0.000        0.000  2452171.567   0.000 TM   -1.069087E-01   -5.622564E-02    3.910155E-01
3.792690E+02 103    0.000    0.000        0.000  2452171.567   0.000 TM   -2.476690E-02   -2.112387E-02    9.254068E-02
5.455595E+02 103    0.000    0.000        0.000  2452171.567   0.000 TM    9.772889E-02    7.943937E-02    2.960120E-01
7.847600E+02 103    0.000    0.000        0.000  2452171.567   0.000 TM    2.039744E-01    2.220539E-01    3.217680E-01
1.128838E+03 103    0.000    0.000        0.000  2452171.567   0.000 TM   -6.640439E-02    1.828369E-01    3.137516E-01
1.623777E+03 103    0.000    0.000        0.000  2452171.567   0.000 TM   -1.518973E-02   -7.941106E-02    1.108081E-01
2.335721E+03 103    0.000    0.000        0.000  2452171.567   0.000 TM   -2.245417E-02   -4.944857E-03    5.662945E-02
3.359818E+03 103    0.000    0.000        0.000  2452171.567   0.000 TM    1.286556E-02   -1.266438E-02    5.453592E-02
4.832930E+03 103    0.000    0.000        0.000  2452171.567   0.000 TM   -1.849813E-02   -1.279478E-02    5.508728E-02
6.951928E+03 103    0.000    0.000        0.000  2452171.567   0.000 TM    9.952931E-02   -3.943897E-02    1.123093E-01
1.000000E+04 103    0.000    0.000        0.000  2452171.567   0.000 TM    2.164454E-03    1.320268E-02    7.527049E-02
2.069138E+01 106    0.000    0.000        0.000  2519609.814   0.000 TM   -7.917510E-01   -1.085772E+00    1.712288E+00
2.976351E+01 106    0.000    0.000        0.000  2519609.814   0.000 TM   -5.201976E-01   -9.502611E-01    1.058586E+00
4.281332E+01 106    0.000    0.000        0.000  2519609.814   0.000 TM   -2.228887E-01   -8.220414E-01    1.155827E+00
6.158482E+01 106    0.000    0.000        0.000  2519609.814   0.000 TM   -2.210518E-01   -5.432192E-01    6.311100E-01
8.858668E+01 106    0.000    0.000        0.000  2519609.814   0.000 TM   -1.614593E-01   -3.432950E-01    6.610376E-01
1.274275E+02 106    0.000    0.000        0.000  2519609.814   0.000 TM   -1.076324E-01   -4.006854E-01    1.319354E+00
1.832981E+02 106    0.000    0.000        0.000  2519609.814   0.000 TM   -1.479531E-01   -2.490639E-01    1.356871E+00
2.636651E+02 106    0.000    0.000        0.000  2519609.814   0.000 TM   -1.492839E-01   -1.662564E-01    3.394295E-01
3.792690E+02 106    0.000    0.000        0.000  2519609.814   0.000 TM   -1.055531E-01   -1.473814E-01    3.043099E-01
5.455595E+02 106    0.000    0.000        0.000  2519609.814   0.000 TM   -8.068949E-02   -1.205734E-01    3.237844E-01
7.847600E+02 106    0.000    0.000        0.000  2519609.814   0.000 TM   -6.783323E-02   -3.610371E-02    6.882157E-01
1.128838E+03 106    0.000    0.000        0.000  2519609.814   0.000 TM    6.456125E-03   -7.400386E-02    5.575151E-01
1.623777E+03 106    0.000    0.000        0.000  2519609.814   0.000 TM   -3.466924E-02   -4.422404E-02    1.895854E-01
2.335721E+03 106    0.000    0.000        0.000  2519609.814   0.000 TM   -3.824724E-02   -3.347730E-02    1.172940E-01
3.359818E+03 106    0.000    0.000        0.000  2519609.814   0.000 TM   -2.643256E-02   -4.640514E-02    1.534522E-01
4.832930E+03 106    0.000    0.000        0.000  2519609.814   0.000 TM    1.101653E-02   -3.612301E-03    1.304649E-01
6.951928E+03 106    0.000    0.000        0.000  2519609.814   0.000 TM    2.194210E-02    2.028934E-02    2.040694E-01
1.000000E+04 106    0.000    0.000        0.000  2519609.814   0.000 TM    7.970743E-02   -3.618955E-02    1.481140E-01
1.000000E+01 112    0.000    0.000        0.000  2638919.745   0.000 TM   -1.058363E+01    2.010007E-11    6.707835E+00
2.976351E+01 112    0.000    0.000        0.000  2638919.745   0.000 TM   -6.830011E+00   -2.993677E+00    4.852624E+00
8.858668E+01 112    0.000    0.000        0.000  2638919.745   0.000 TM   -4.643449E+00   -3.191964E+00    5.662552E+00
2.636651E+02 112    0.000    0.000        0.000  2638919.745   0.000 TM   -2.459561E+00   -2.339252E+00    7.823269E+00
3.792690E+02 112    0.000    0.000        0.000  2638919.745   0.000 TM   -1.933784E+00   -2.194879E+00    5.087828E+00
5.455595E+02 112    0.000    0.000        0.000  2638919.745   0.000 TM   -1.315638E+00   -2.068302E+00    3.095353E+00
7.847600E+02 112    0.000    0.000        0.000  2638919.745   0.000 TM   -1.020030E+00   -1.533638E+00    3.619211E+00
1.128838E+03 112    0.000    0.000        0.000  2638919.745   0.000 TM   -3.093316E-01   -1.326619E+00    2.734368E+00
1.623777E+03 112    0.000    0.000        0.000  2638919.745   0.000 TM   -2.612309E-01   -9.674418E-01    1.683201E+00
2.335721E+03 112    0.000    0.000        0.000  2638919.745   0.000 TM   -2.077754E-01   -7.598332E-01    1.722019E+00
3.359818E+03 112    0.000    0.000        0.000  2638919.745   0.000 TM   -3.466207E-01   -5.433360E-01    2.209442E+00
4.832930E+03 112    0.000    0.000        0.000  2638919.745   0.000 TM   -2.024049E-01   -4.066195E-01    9.588011E-01
6.951928E+03 112    0.000    0.000        0.000  2638919.745   0.000 TM   -6.891712E-02   -3.800159E-01    8.516402E-01
1.000000E+04 112    0.000    0.000        0.000  2638919.745   0.000 TM   -3.241004E-02   -2.710186E-01    8.254164E-01
1.000000E+01 115    0.000    0.000        0.000  2700339.113   0.000 TM   -2.123028E+00    2.049209E-12    3.741692E+00
2.069138E+01 115    0.000    0.000        0.000  2700339.113   0.000 TM   -2.049291E+00   -1.158896E+00    4.235219E+00
2.976351E+01 115    0.000    0.000        0.000  2700339.113   0.000 TM   -1.863740E+00   -1.029022E+00    1.158336E+00
4.281332E+01 115    0.000    0.000        0.000  2700339.113   0.000 TM   -1.464011E+00   -1.138309E+00    2.457367E+00
6.158482E+01 115    0.000    0.000        0.000  2700339.113   0.000 TM   -1.381270E+00   -9.021319E-01    1.797746E+00
8.858668E+01 115    0.000    0.000        0.000  2700339.113   0.000 TM   -1.036200E+00   -8.973189E-01    1.349540E+00
1.832981E+02 115    0.000    0.000        0.000  2700339.113   0.000 TM   -5.568681E-01   -7.281255E-01    6.160745E+00
2.636651E+02 115    0.000    0.000        0.000  2700339.113   0.000 TM   -4.914106E-01   -6.660158E-01    1.349651E+00
3.792690E+02 115    0.000    0.000        0.000  2700339.113   0.000 TM   -3.611742E-01   -4.663665E-01    1.306071E+00
5.455595E+02 115    0.000    0.000        0.000  2700339.113   0.000 TM   -2.595086E-01   -4.427385E-01    2.761160E+00
7.847600E+02 115    0.000    0.000        0.000  2700339.113   0.000 TM   -2.161077E-01   -3.537486E-01    7.691444E-01
1.128838E+03 115    0.000    0.000        0.000  2700339.113   0.000 TM   -9.793212E-02   -2.705789E-01    3.918085E-01
1.623777E+03 115    0.000    0.000        0.000  2700339.113   0.000 TM   -7.117204E-02   -2.005281E-01    2.778615E-01
2.335721E+03 115    0.000    0.000        0.000  2700339.113   0.000 TM   -5.159461E-02   -1.526415E-01    3.185864E-01
3.359818E+03 115    0.000    0.000        0.000  2700339.113   0.000 TM   -6.428787E-02   -1.230608E-01    2.126068E-01
4.832930E+03 115    0.000    0.000        0.000  2700339.113   0.000 TM   -1.817963E-02   -1.065863E-01    1.833899E-01
6.951928E+03 115    0.000    0.000        0.000  2700339.113   0.000 TM   -1.515846E-02   -7.241604E-02    1.774653E-01
1.000000E+04 115    0.000    0.000        0.000  2700339.113   0.000 TM   -1.973568E-02   -5.967862E-02    2.091137E-01
2.976351E+01 121    0.000    0.000        0.000  2822024.227   0.000 TM   -1.010123E+00   -3.753732E+00    3.663054E+00
8.858668E+01 121    0.000    0.000        0.000  2822024.227   0.000 TM   -1.236297E-01   -1.756921E+00    5.160415E+00
7.847600E+02 121    0.000    0.000        0.000  2822024.227   0.000 TM   -5.507304E-02   -4.261300E-01    2.312028E+00
1.128838E+03 121    0.000    0.000        0.000  2822024.227   0.000 TM   -4.372320E-02   -1.167003E-01    1.098664E+00
1.623777E+03 121    0.000    0.000        0.000  2822024.227   0.000 TM   -1.560358E-01   -1.153738E-01    1.042512E+00
2.335721E+03 121    0.000    0.000        0.000  2822024.227   0.000 TM    1.781926E-02   -2.088878E-01    1.455623E+00
3.359818E+03 121    0.000    0.000        0.000  2822024.227   0.000 TM   -1.031298E-01   -8.551804E-02    5.942343E-01
4.832930E+03 121    0.000    0.000        0.000  2822024.227   0.000 TM    2.516467E-02   -5.947314E-02    5.437240E-01
6.951928E+03 121    0.000    0.000        0.000  2822024.227   0.000 TM    1.514253E-01   -5.404779E-02    5.323559E-01
1.000000E+04 121    0.000    0.000        0.000  2822024.227   0.000 TM    1.941482E-01   -4.101981E-02    7.766067E-01
1.000000E+01 127    0.000    0.000        0.000  2945049.118   0.000 TM    8.692161E-01   -7.421782E-17    1.335025E-01
1.438450E+01 127    0.000    0.000        0.000  2945049.118   0.000 TM   -1.374820E+00   -1.377114E+00    6.630639E-02
2.069138E+01 127    0.000    0.000        0.000  2945049.118   0.000 TM   -1.274405E+00   -1.284255E+00    6.179591E-02
2.976351E+01 127    0.000    0.000        0.000  2945049.118   0.000 TM   -1.022200E+00   -1.228676E+00    2.688287E-02
4.281332E+01 127    0.000    0.000        0.000  2945049.118   0.000 TM   -7.062671E-01   -1.053750E+00    1.268543E-02
6.158482E+01 127    0.000    0.000        0.000  2945049.118   0.000 TM   -4.649944E-01   -8.286486E-01    1.160235E-02
8.858668E+01 127    0.000    0.000        0.000  2945049.118   0.000 TM   -3.265796E-01   -6.698079E-01    7.772132E-03
1.274275E+02 127    0.000    0.000        0.000  2945049.118   0.000 TM   -2.368464E-01   -5.121961E-01    7.380978E-03
1.832981E+02 127    0.000    0.000        0.000  2945049.118   0.000 TM   -1.681845E-01   -3.897486E-01    8.593592E-03
2.636651E+02 127    0.000    0.000        0.000  2945049.118   0.000 TM   -1.221379E-01   -3.090119E-01    6.341554E-03
3.792690E+02 127    0.000    0.000        0.000  2945049.118   0.000 TM   -9.063398E-02   -2.279756E-01    6.836554E-03
5.455595E+02 127    0.000    0.000        0.000  2945049.118   0.000 TM   -6.975857E-02   -1.723480E-01    6.447556E-03
7.847600E+02 127    0.000    0.000        0.000  2945049.118   0.000 TM   -5.541487E-02   -1.242426E-01    8.141523E-03
1.128838E+03 127    0.000    0.000        0.000  2945049.118   0.000 TM   -3.946555E-02   -1.014127E-01    6.408216E-03
1.623777E+03 127    0.000    0.000        0.000  2945049.118   0.000 TM   -2.969611E-02   -6.782195E-02    6.420839E-03
2.335721E+03 127    0.000    0.000        0.000  2945049.118   0.000 TM   -2.710513E-02   -5.679250E-02    5.536190E-03
3.359818E+03 127    0.000    0.000        0.000  2945049.118   0.000 TM   -2.061238E-02   -5.296450E-02    4.869245E-03
4.832930E+03 127    0.000    0.000        0.000  2945049.118   0.000 TM   -1.109451E-02   -3.876944E-02    7.556402E-03
6.951928E+03 127    0.000    0.000        0.000  2945049.118   0.000 TM   -1.543715E-02   -2.679970E-02    6.232910E-03
1.000000E+04 127    0.000    0.000        0.000  2945049.118   0.000 TM   -1.614254E-02   -2.882171E-02    1.295086E-02
1.000000E+01 130    0.000    0.000        0.000  2999084.073   0.000 TM   -2.023224E+00    1.264755E-14    2.883637E-02
1.438450E+01 130    0.000    0.000        0.000  2999084.073   0.000 TM   -1.947050E+00   -7.039094E-01    3.580051E-02
2.069138E+01 130    0.000    0.000        0.000  2999084.073   0.000 TM   -1.941261E+00   -7.981485E-01    3.171505E-02
2.976351E+01 130    0.000    0.000        0.000  2999084.073   0.000 TM   -1.812489E+00   -1.067509E+00    2.203142E-02
4.281332E+01 130    0.000    0.000        0.000  2999084.073   0.000 TM   -1.365189E+00   -1.224788E+00    1.834079E-02
6.158482E+01 130    0.000    0.000        0.000  2999084.073   0.000 TM   -9.166853E-01   -1.155889E+00    1.581501E-02
8.858668E+01 130    0.000    0.000        0.000  2999084.073   0.000 TM   -6.099850E-01   -1.011440E+00    1.332723E-02
1.274275E+02 130    0.000    0.000        0.000  2999084.073   0.000 TM   -3.642389E-01   -7.738074E-01    1.382124E-02
1.832981E+02 130    0.000    0.000        0.000  2999084.073   0.000 TM   -2.012215E-01   -5.765431E-01    1.567100E-02
2.636651E+02 130    0.000    0.000        0.000  2999084.073   0.000 TM   -1.522586E-01   -4.423308E-01    1.379806E-02
3.792690E+02 130    0.000    0.000        0.000  2999084.073   0.000 TM   -1.055165E-01   -3.343233E-01    1.935166E-02
5.455595E+02 130    0.000    0.000        0.000  2999084.073   0.000 TM   -5.961888E-02   -2.422064E-01    1.854493E-02
7.847600E+02 130    0.000    0.000        0.000  2999084.073   0.000 TM   -6.536494E-02   -1.757290E-01    1.898096E-02
1.128838E+03 130    0.000    0.000        0.000  2999084.073   0.000 TM    7.382159E-03   -8.219699E-02    2.818555E-02
1.623777E+03 130    0.000    0.000        0.000  2999084.073   0.000 TM   -5.419033E-02   -1.419456E-01    2.470744E-02
2.335721E+03 130    0.000    0.000        0.000  2999084.073   0.000 TM   -5.251124E-02   -1.197581E-01    2.592673E-02
3.359818E+03 130    0.000    0.000        0.000  2999084.073   0.000 TM   -2.300151E-03   -4.439868E-02    4.006881E-02
4.832930E+03 130    0.000    0.000        0.000  2999084.073   0.000 TM    3.062867E-02   -1.719465E-02    5.851668E-02
6.951928E+03 130    0.000    0.000        0.000  2999084.073   0.000 TM    3.553320E-02   -5.815777E-02    3.191332E-02
1.000000E+04 130    0.000    0.000        0.000  2999084.073   0.000 TM   -6.118455E-02   -3.041463E-02    6.427956E-02
1.000000E+01 133    0.000    0.000        0.000  3066568.699   0.000 TM   -6.352564E+00   -8.199676E-14    9.849291E-02
1.438450E+01 133    0.000    0.000        0.000  3066568.699   0.000 TM   -6.916244E+00   -3.027779E+00    1.588919E-01
2.069138E+01 133    0.000    0.000        0.000  3066568.699   0.000 TM   -7.009060E+00   -3.463349E+00    1.841122E-01
2.976351E+01 133    0.000    0.000        0.000  3066568.699   0.000 TM   -6.139473E+00   -4.093659E+00    1.008076E-01
4.281332E+01 133    0.000    0.000        0.000  3066568.699   0.000 TM   -4.613470E+00   -4.174358E+00    7.765549E-02
6.158482E+01 133    0.000    0.000        0.000  3066568.699   0.000 TM   -3.419947E+00   -3.749161E+00    6.961619E-02
8.858668E+01 133    0.000    0.000        0.000  3066568.699   0.000 TM   -2.561607E+00   -3.292582E+00    5.555049E-02
1.274275E+02 133    0.000    0.000        0.000  3066568.699   0.000 TM   -1.856929E+00   -2.733330E+00    5.677878E-02
1.832981E+02 133    0.000    0.000        0.000  3066568.699   0.000 TM   -1.255017E+00   -2.245689E+00    6.308170E-02
2.636651E+02 133    0.000    0.000        0.000  3066568.699   0.000 TM   -9.836175E-01   -1.753665E+00    5.170026E-02
3.792690E+02 133    0.000    0.000        0.000  3066568.699   0.000 TM   -7.236558E-01   -1.366944E+00    6.268929E-02
5.455595E+02 133    0.000    0.000        0.000  3066568.699   0.000 TM   -4.948919E-01   -1.084676E+00    7.738198E-02
7.847600E+02 133    0.000    0.000        0.000  3066568.699   0.000 TM   -1.331612E-01   -8.310187E-01    8.640071E-02
1.128838E+03 133    0.000    0.000        0.000  3066568.699   0.000 TM   -2.266284E-01   -7.107331E-01    1.065671E-01
1.623777E+03 133    0.000    0.000        0.000  3066568.699   0.000 TM   -2.669161E-01   -3.331568E-01    8.993061E-02
2.335721E+03 133    0.000    0.000        0.000  3066568.699   0.000 TM   -1.985859E-01   -3.390672E-01    8.937859E-02
3.359818E+03 133    0.000    0.000        0.000  3066568.699   0.000 TM   -3.344606E-02   -1.075792E-01    8.526708E-02
4.832930E+03 133    0.000    0.000        0.000  3066568.699   0.000 TM   -5.127820E-02   -2.444809E-01    1.359891E-01
6.951928E+03 133    0.000    0.000        0.000  3066568.699   0.000 TM    2.158060E-02   -1.301749E-01    5.834975E-02
1.000000E+04 133    0.000    0.000        0.000  3066568.699   0.000 TM   -2.450503E-02   -2.072414E-01    9.869753E-02
1.000000E+01 136    0.000    0.000        0.000  3133981.236   0.000 TM   -7.232240E+01    7.643823E-13    2.745253E+00
1.438450E+01 136    0.000    0.000        0.000  3133981.236   0.000 TM   -6.421332E+01   -5.143538E+01    1.379576E+00
2.069138E+01 136    0.000    0.000        0.000  3133981.236   0.000 TM   -6.465778E+01   -4.331013E+01    1.356869E+00
2.976351E+01 136    0.000    0.000        0.000  3133981.236   0.000 TM   -5.752752E+01   -4.470547E+01    1.416861E+00
4.281332E+01 136    0.000    0.000        0.000  3133981.236   0.000 TM   -3.807160E+01   -4.085896E+01    1.344508E+00
6.158482E+01 136    0.000    0.000        0.000  3133981.236   0.000 TM   -3.400164E+01   -3.815029E+01    1.223898E+00
8.858668E+01 136    0.000    0.000        0.000  3133981.236   0.000 TM   -2.299093E+01   -3.240804E+01    9.555663E-01
1.274275E+02 136    0.000    0.000        0.000  3133981.236   0.000 TM   -1.388122E+01   -2.739340E+01    8.076126E-01
1.832981E+02 136    0.000    0.000        0.000  3133981.236   0.000 TM   -1.358175E+01   -2.366677E+01    8.073775E-01
2.636651E+02 136    0.000    0.000        0.000  3133981.236   0.000 TM   -8.312183E+00   -2.157809E+01    6.182762E-01
3.792690E+02 136    0.000    0.000        0.000  3133981.236   0.000 TM   -4.956385E+00   -1.821122E+01    6.425661E-01
5.455595E+02 136    0.000    0.000        0.000  3133981.236   0.000 TM   -4.817521E+00   -1.204592E+01    7.540611E-01
7.847600E+02 136    0.000    0.000        0.000  3133981.236   0.000 TM   -4.852474E+00   -6.951866E+00    7.420006E-01
1.128838E+03 136    0.000    0.000        0.000  3133981.236   0.000 TM   -3.727660E+00   -6.285511E+00    8.544010E-01
1.623777E+03 136    0.000    0.000        0.000  3133981.236   0.000 TM   -1.954917E+00   -4.669914E+00    6.006081E-01
2.335721E+03 136    0.000    0.000        0.000  3133981.236   0.000 TM   -7.302751E-01   -3.635533E+00    5.640108E-01
3.359818E+03 136    0.000    0.000        0.000  3133981.236   0.000 TM   -1.154959E+00   -4.038182E+00    5.559323E-01
4.832930E+03 136    0.000    0.000        0.000  3133981.236   0.000 TM   -1.367828E+00   -2.700185E+00    7.406962E-01
6.951928E+03 136    0.000    0.000        0.000  3133981.236   0.000 TM   -4.242567E-01   -1.693707E+00    3.714688E-01
1.000000E+04 136    0.000    0.000        0.000  3133981.236   0.000 TM    3.199143E-01   -1.522969E+00    6.548521E-01
1.000000E+01 139    0.000    0.000        0.000  3186088.098   0.000 TM   -2.016894E+01    4.092412E-14    5.370453E-01
1.438450E+01 139    0.000    0.000        0.000  3186088.098   0.000 TM   -2.776435E+01   -2.640988E+01    4.437226E-01
2.069138E+01 139    0.000    0.000        0.000  3186088.098   0.000 TM   -2.983622E+01   -2.466823E+01    4.546839E-01
2.976351E+01 139    0.000    0.000        0.000  3186088.098   0.000 TM   -2.383661E+01   -2.393443E+01    3.401741E-01
4.281332E+01 139    0.000    0.000        0.000  3186088.098   0.000 TM   -1.843580E+01   -2.195130E+01    3.169364E-01
6.158482E+01 139    0.000    0.000        0.000  3186088.098   0.000 TM   -1.359965E+01   -1.919379E+01    2.733024E-01
8.858668E+01 139    0.000    0.000        0.000  3186088.098   0.000 TM   -9.426639E+00   -1.549995E+01    2.034470E-01
1.274275E+02 139    0.000    0.000        0.000  3186088.098   0.000 TM   -6.653775E+00   -1.270701E+01    2.028177E-01
1.832981E+02 139    0.000    0.000        0.000  3186088.098   0.000 TM   -4.502420E+00   -9.589045E+00    2.174999E-01
2.636651E+02 139    0.000    0.000        0.000  3186088.098   0.000 TM   -3.199112E+00   -7.788593E+00    1.952649E-01
3.792690E+02 139    0.000    0.000        0.000  3186088.098   0.000 TM   -2.252117E+00   -6.043999E+00    2.619009E-01
5.455595E+02 139    0.000    0.000        0.000  3186088.098   0.000 TM   -1.788738E+00   -4.454508E+00    3.518722E-01
7.847600E+02 139    0.000    0.000        0.000  3186088.098   0.000 TM   -1.679573E+00   -3.023751E+00    3.255434E-01
1.128838E+03 139    0.000    0.000        0.000  3186088.098   0.000 TM   -1.366892E+00   -2.234893E+00    3.638858E-01
1.623777E+03 139    0.000    0.000        0.000  3186088.098   0.000 TM   -5.954157E-01   -1.971705E+00    2.206491E-01
2.335721E+03 139    0.000    0.000        0.000  3186088.098   0.000 TM   -5.957047E-01   -1.443670E+00    2.250826E-01
3.359818E+03 139    0.000    0.000        0.000  3186088.098   0.000 TM   -6.068125E-01   -1.569814E+00    2.396553E-01
4.832930E+03 139    0.000    0.000        0.000  3186088.098   0.000 TM    8.495771E-02   -9.389482E-01    3.881845E-01
6.951928E+03 139    0.000    0.000        0.000  3186088.098   0.000 TM    6.711421E-02   -8.339522E-01    2.077682E-01
1.000000E+04 139    0.000    0.000        0.000  3186088.098   0.000 TM    1.394670E-01   -7.128024E-01    2.412163E-01
1.000000E+01 142    0.000    0.000        0.000  3245895.754   0.000 TM   -2.071314E+01    6.977544E-13    2.913147E-01
1.438450E+01 142    0.000    0.000        0.000  3245895.754   0.000 TM   -2.222584E+01   -2.498554E+01    3.344047E-01
2.069138E+01 142    0.000    0.000        0.000  3245895.754   0.000 TM   -2.062867E+01   -2.184844E+01    3.004823E-01
2.976351E+01 142    0.000    0.000        0.000  3245895.754   0.000 TM   -1.783990E+01   -1.856995E+01    2.575082E-01
4.281332E+01 142    0.000    0.000        0.000  3245895.754   0.000 TM   -1.431815E+01   -1.607920E+01    2.153022E-01
6.158482E+01 142    0.000    0.000        0.000  3245895.754   0.000 TM   -1.078668E+01   -1.410849E+01    1.775956E-01
8.858668E+01 142    0.000    0.000        0.000  3245895.754   0.000 TM   -8.281489E+00   -1.208949E+01    1.465397E-01
1.274275E+02 142    0.000    0.000        0.000  3245895.754   0.000 TM   -5.973640E+00   -9.958168E+00    1.161247E-01
1.832981E+02 142    0.000    0.000        0.000  3245895.754   0.000 TM   -4.119015E+00   -8.101714E+00    1.202417E-01
2.636651E+02 142    0.000    0.000        0.000  3245895.754   0.000 TM   -3.172346E+00   -6.533063E+00    1.131237E-01
3.792690E+02 142    0.000    0.000        0.000  3245895.754   0.000 TM   -2.081105E+00   -5.057509E+00    1.418714E-01
5.455595E+02 142    0.000    0.000        0.000  3245895.754   0.000 TM   -1.410321E+00   -3.785176E+00    1.833070E-01
7.847600E+02 142    0.000    0.000        0.000  3245895.754   0.000 TM   -7.751146E-01   -2.818432E+00    1.786675E-01
1.128838E+03 142    0.000    0.000        0.000  3245895.754   0.000 TM   -6.064628E-01   -2.203253E+00    2.007163E-01
1.623777E+03 142    0.000    0.000        0.000  3245895.754   0.000 TM   -4.247751E-01   -1.501194E+00    1.255633E-01
2.335721E+03 142    0.000    0.000        0.000  3245895.754   0.000 TM   -1.644321E-01   -1.217459E+00    1.126897E-01
3.359818E+03 142    0.000    0.000        0.000  3245895.754   0.000 TM   -9.919286E-02   -8.403557E-01    1.169695E-01
4.832930E+03 142    0.000    0.000        0.000  3245895.754   0.000 TM   -2.078667E-01   -8.779391E-01    1.689322E-01
6.951928E+03 142    0.000    0.000        0.000  3245895.754   0.000 TM   -1.038585E-01   -5.407918E-01    1.205184E-01
1.000000E+04 142    0.000    0.000        0.000  3245895.754   0.000 TM   -3.378819E-02   -2.017476E-01    1.654182E-01
1.000000E+01 145    0.000    0.000        0.000  3308983.795   0.000 TM   -8.056972E+00    5.010864E-14    2.447680E-01
1.438450E+01 145    0.000    0.000        0.000  3308983.795   0.000 TM   -1.282271E+01   -1.507651E+01    1.979200E-01
2.069138E+01 145    0.000    0.000        0.000  3308983.795   0.000 TM   -1.191378E+01   -1.286176E+01    1.760890E-01
2.976351E+01 145    0.000    0.000        0.000  3308983.795   0.000 TM   -1.030976E+01   -1.124591E+01    1.868272E-01
4.281332E+01 145    0.000    0.000        0.000  3308983.795   0.000 TM   -7.902338E+00   -9.670162E+00    1.864490E-01
6.158482E+01 145    0.000    0.000        0.000  3308983.795   0.000 TM   -6.268593E+00   -8.121533E+00    1.579162E-01
8.858668E+01 145    0.000    0.000        0.000  3308983.795   0.000 TM   -4.887947E+00   -6.836779E+00    1.258740E-01
1.274275E+02 145    0.000    0.000        0.000  3308983.795   0.000 TM   -3.679838E+00   -5.872712E+00    1.318092E-01
1.832981E+02 145    0.000    0.000        0.000  3308983.795   0.000 TM   -2.665950E+00   -4.611432E+00    1.241065E-01
2.636651E+02 145    0.000    0.000        0.000  3308983.795   0.000 TM   -2.162714E+00   -3.799973E+00    1.194400E-01
3.792690E+02 145    0.000    0.000        0.000  3308983.795   0.000 TM   -1.174166E+00   -3.179755E+00    1.684159E-01
5.455595E+02 145    0.000    0.000        0.000  3308983.795   0.000 TM   -9.885157E-01   -2.294006E+00    1.596893E-01
7.847600E+02 145    0.000    0.000        0.000  3308983.795   0.000 TM   -5.412726E-01   -1.453364E+00    1.601141E-01
1.128838E+03 145    0.000    0.000        0.000  3308983.795   0.000 TM   -3.538295E-01   -1.106383E+00    1.897728E-01
1.623777E+03 145    0.000    0.000        0.000  3308983.795   0.000 TM   -3.414116E-01   -8.830095E-01    1.556119E-01
2.335721E+03 145    0.000    0.000        0.000  3308983.795   0.000 TM   -2.573763E-01   -8.111985E-01    1.464486E-01
3.359818E+03 145    0.000    0.000        0.000  3308983.795   0.000 TM   -3.474282E-02   -4.444880E-01    1.504699E-01
4.832930E+03 145    0.000    0.000        0.000  3308983.795   0.000 TM   -1.392757E-01   -7.520894E-01    1.519448E-01
6.951928E+03 145    0.000    0.000        0.000  3308983.795   0.000 TM    1.371762E-01   -5.309598E-01    1.413709E-01
1.000000E+04 145    0.000    0.000        0.000  3308983.795   0.000 TM    1.408937E-01   -1.830729E-01    2.143109E-01
1.000000E+01 148    0.000    0.000        0.000  3367006.914   0.000 TM   -1.779351E+00   -3.181265E-14    1.371964E-01
1.438450E+01 148    0.000    0.000        0.000  3367006.914   0.000 TM   -4.598268E+00   -3.207106E+00    1.007023E-01
2.069138E+01 148    0.000    0.000        0.000  3367006.914   0.000 TM   -4.160596E+00   -3.308533E+00    9.738124E-02
2.976351E+01 148    0.000    0.000        0.000  3367006.914   0.000 TM   -3.167711E+00   -3.587433E+00    6.490228E-02
4.281332E+01 148    0.000    0.000        0.000  3367006.914   0.000 TM   -2.000257E+00   -3.301978E+00    3.860581E-02
6.158482E+01 148    0.000    0.000        0.000  3367006.914   0.000 TM   -1.090896E+00   -2.729017E+00    2.938977E-02
8.858668E+01 148    0.000    0.000        0.000  3367006.914   0.000 TM   -5.074139E-01   -2.156497E+00    2.215389E-02
1.274275E+02 148    0.000    0.000        0.000  3367006.914   0.000 TM   -1.431511E-01   -1.551181E+00    1.557773E-02
1.832981E+02 148    0.000    0.000        0.000  3367006.914   0.000 TM    3.412704E-02   -1.034663E+00    1.249265E-02
2.636651E+02 148    0.000    0.000        0.000  3367006.914   0.000 TM    6.879201E-02   -7.155586E-01    9.062321E-03
3.792690E+02 148    0.000    0.000        0.000  3367006.914   0.000 TM    4.846435E-02   -4.469498E-01    9.920938E-03
5.455595E+02 148    0.000    0.000        0.000  3367006.914   0.000 TM    2.547992E-02   -2.940862E-01    1.187618E-02
7.847600E+02 148    0.000    0.000        0.000  3367006.914   0.000 TM    1.706463E-02   -1.910100E-01    8.901080E-03
1.128838E+03 148    0.000    0.000        0.000  3367006.914   0.000 TM    1.099108E-02   -1.055692E-01    1.136069E-02
1.623777E+03 148    0.000    0.000        0.000  3367006.914   0.000 TM    5.226189E-04   -8.534742E-02    8.905119E-03
2.335721E+03 148    0.000    0.000        0.000  3367006.914   0.000 TM    6.772123E-03   -6.735327E-02    8.484611E-03
3.359818E+03 148    0.000    0.000        0.000  3367006.914   0.000 TM   -4.861724E-03   -3.911249E-02    1.198276E-02
4.832930E+03 148    0.000    0.000        0.000  3367006.914   0.000 TM   -8.237821E-03   -3.616952E-02    7.541482E-03
6.951928E+03 148    0.000    0.000        0.000  3367006.914   0.000 TM   -1.535429E-02   -2.649247E-02    1.094375E-02
1.000000E+04 148    0.000    0.000        0.000  3367006.914   0.000 TM   -3.482874E-03   -8.319283E-03    2.350445E-02
1.000000E+01 152    0.000    0.000        0.000  3450931.121   0.000 TM   -1.779351E+00   -3.181265E-14    1.371964E-01
1.438450E+01 152    0.000    0.000        0.000  3450931.121   0.000 TM   -4.598268E+00   -3.207106E+00    1.007023E-01
2.069138E+01 152    0.000    0.000        0.000  3450931.121   0.000 TM   -4.160596E+00   -3.308533E+00    9.738124E-02
2.976351E+01 152    0.000    0.000        0.000  3450931.121   0.000 TM   -3.167711E+00   -3.587433E+00    6.490228E-02
4.281332E+01 152    0.000    0.000        0.000  3450931.121   0.000 TM   -2.000257E+00   -3.301978E+00    3.860581E-02
6.158482E+01 152    0.000    0.000        0.000  3450931.121   0.000 TM   -1.090896E+00   -2.729017E+00    2.938977E-02
8.858668E+01 152    0.000    0.000        0.000  3450931.121   0.000 TM   -5.074139E-01   -2.156497E+00    2.215389E-02
1.274275E+02 152    0.000    0.000        0.000  3450931.121   0.000 TM   -1.431511E-01   -1.551181E+00    1.557773E-02
1.832981E+02 152    0.000    0.000        0.000  3450931.121   0.000 TM    3.412704E-02   -1.034663E+00    1.249265E-02
2.636651E+02 152    0.000    0.000        0.000  3450931.121   0.000 TM    6.879201E-02   -7.155586E-01    9.062321E-03
3.792690E+02 152    0.000    0.000        0.000  3450931.121   0.000 TM    4.846435E-02   -4.469498E-01    9.920938E-03
5.455595E+02 152    0.000    0.000        0.000  3450931.121   0.000 TM    2.547992E-02   -2.940862E-01    1.187618E-02
7.847600E+02 152    0.000    0.000        0.000  3450931.121   0.000 TM    1.706463E-02   -1.910100E-01    8.901080E-03
1.128838E+03 152    0.000    0.000        0.000  3450931.121   0.000 TM    1.099108E-02   -1.055692E-01    1.136069E-02
1.623777E+03 152    0.000    0.000        0.000  3450931.121   0.000 TM    5.226189E-04   -8.534742E-02    8.905119E-03
2.335721E+03 152    0.000    0.000        0.000  3450931.121   0.000 TM    6.772123E-03   -6.735327E-02    8.484611E-03
3.359818E+03 152    0.000    0.000        0.000  3450931.121   0.000 TM   -4.861724E-03   -3.911249E-02    1.198276E-02
4.832930E+03 152    0.000    0.000        0.000  3450931.121   0.000 TM   -8.237821E-03   -3.616952E-02    7.541482E-03
6.951928E+03 152    0.000    0.000        0.000  3450931.121   0.000 TM   -1.535429E-02   -2.649247E-02    1.094375E-02
1.000000E+04 152    0.000    0.000        0.000  3450931.121   0.000 TM   -3.482874E-03   -8.319283E-03    2.350445E-02
1.000000E+01 155    0.000    0.000        0.000  3514281.695   0.000 TM    1.592898E-01   -2.016704E-17    7.355578E-03
1.438450E+01 155    0.000    0.000        0.000  3514281.695   0.000 TM    1.281435E-03   -7.043691E-01    7.043703E-03
2.069138E+01 155    0.000    0.000        0.000  3514281.695   0.000 TM    3.216562E-03   -5.267967E-01    5.268065E-03
2.976351E+01 155    0.000    0.000        0.000  3514281.695   0.000 TM   -1.242072E-02   -3.613396E-01    3.615530E-03
4.281332E+01 155    0.000    0.000        0.000  3514281.695   0.000 TM   -2.364407E-02   -2.443971E-01    2.455381E-03
6.158482E+01 155    0.000    0.000        0.000  3514281.695   0.000 TM   -2.706230E-02   -1.691489E-01    1.713001E-03
8.858668E+01 155    0.000    0.000        0.000  3514281.695   0.000 TM   -2.794991E-02   -1.254060E-01    1.284829E-03
1.274275E+02 155    0.000    0.000        0.000  3514281.695   0.000 TM   -2.466633E-02   -9.277874E-02    9.600168E-04
1.832981E+02 155    0.000    0.000        0.000  3514281.695   0.000 TM   -1.997250E-02   -6.966108E-02    7.246769E-04
2.636651E+02 155    0.000    0.000        0.000  3514281.695   0.000 TM   -1.539079E-02   -5.440691E-02    5.654192E-04
3.792690E+02 155    0.000    0.000        0.000  3514281.695   0.000 TM   -1.112580E-02   -4.006744E-02    4.158345E-04
5.455595E+02 155    0.000    0.000        0.000  3514281.695   0.000 TM   -7.698121E-03   -2.977310E-02    3.462840E-04
7.847600E+02 155    0.000    0.000        0.000  3514281.695   0.000 TM   -4.902791E-03   -2.216954E-02    3.288593E-04
1.128838E+03 155    0.000    0.000        0.000  3514281.695   0.000 TM   -3.417999E-03   -1.549645E-02    4.654606E-04
1.623777E+03 155    0.000    0.000        0.000  3514281.695   0.000 TM   -2.719162E-03   -1.180282E-02    4.609080E-04
2.335721E+03 155    0.000    0.000        0.000  3514281.695   0.000 TM   -1.265800E-03   -9.276299E-03    5.554329E-04
3.359818E+03 155    0.000    0.000        0.000  3514281.695   0.000 TM   -8.089901E-04   -5.994227E-03    9.791286E-04
4.832930E+03 155    0.000    0.000        0.000  3514281.695   0.000 TM   -4.527924E-04   -6.276652E-03    1.204982E-03
6.951928E+03 155    0.000    0.000        0.000  3514281.695   0.000 TM   -4.593151E-04   -2.565407E-03    1.220305E-03
1.000000E+04 155    0.000    0.000        0.000  3514281.695   0.000 TM   -1.892601E-03   -5.213800E-03    2.031355E-03
1.000000E+01 157    0.000    0.000        0.000  3555582.471   0.000 TM    4.632553E-01   -1.461544E-14    3.911178E-02
1.438450E+01 157    0.000    0.000        0.000  3555582.471   0.000 TM   -7.312029E-01   -2.960935E+00    3.049884E-02
2.069138E+01 157    0.000    0.000        0.000  3555582.471   0.000 TM   -4.847724E-01   -2.336736E+00    2.386491E-02
2.976351E+01 157    0.000    0.000        0.000  3555582.471   0.000 TM   -2.936252E-01   -1.669116E+00    1.694746E-02
4.281332E+01 157    0.000    0.000        0.000  3555582.471   0.000 TM   -1.884700E-01   -1.183083E+00    1.198001E-02
6.158482E+01 157    0.000    0.000        0.000  3555582.471   0.000 TM   -1.122981E-01   -8.317713E-01    8.393178E-03
8.858668E+01 157    0.000    0.000        0.000  3555582.471   0.000 TM   -6.775928E-02   -6.159310E-01    6.196469E-03
1.274275E+02 157    0.000    0.000        0.000  3555582.471   0.000 TM   -3.766555E-02   -4.415356E-01    4.431393E-03
1.832981E+02 157    0.000    0.000        0.000  3555582.471   0.000 TM   -1.183647E-02   -3.108598E-01    3.110850E-03
2.636651E+02 157    0.000    0.000        0.000  3555582.471   0.000 TM   -2.235310E-03   -2.195822E-01    2.195936E-03
3.792690E+02 157    0.000    0.000        0.000  3555582.471   0.000 TM    4.386843E-03   -1.495145E-01    1.495788E-03
5.455595E+02 157    0.000    0.000        0.000  3555582.471   0.000 TM    4.251720E-03   -1.002527E-01    1.117430E-03
7.847600E+02 157    0.000    0.000        0.000  3555582.471   0.000 TM    1.974913E-03   -6.989536E-02    1.036051E-03
1.128838E+03 157    0.000    0.000        0.000  3555582.471   0.000 TM    1.112493E-03   -4.597413E-02    8.573968E-04
1.623777E+03 157    0.000    0.000        0.000  3555582.471   0.000 TM    1.263574E-03   -3.302929E-02    7.411807E-04
2.335721E+03 157    0.000    0.000        0.000  3555582.471   0.000 TM    1.523088E-03   -2.351125E-02    6.537818E-04
3.359818E+03 157    0.000    0.000        0.000  3555582.471   0.000 TM    1.317167E-03   -1.641433E-02    6.707979E-04
4.832930E+03 157    0.000    0.000        0.000  3555582.471   0.000 TM   -7.171388E-05   -1.173484E-02    1.050929E-03
6.951928E+03 157    0.000    0.000        0.000  3555582.471   0.000 TM    2.518076E-03   -7.779110E-03    8.469982E-04
1.000000E+04 157    0.000    0.000        0.000  3555582.471   0.000 TM    9.135907E-04   -6.248067E-03    1.333305E-03
1.000000E+01 160    0.000    0.000        0.000  3618350.626   0.000 TM    2.377306E+00   -3.622045E-14    1.420665E-01
1.438450E+01 160    0.000    0.000        0.000  3618350.626   0.000 TM   -5.307765E+00   -1.165924E+01    1.281056E-01
2.069138E+01 160    0.000    0.000        0.000  3618350.626   0.000 TM   -4.256941E+00   -9.565872E+00    1.047031E-01
2.976351E+01 160    0.000    0.000        0.000  3618350.626   0.000 TM   -3.392419E+00   -7.285886E+00    8.036955E-02
4.281332E+01 160    0.000    0.000        0.000  3618350.626   0.000 TM   -2.670674E+00   -5.513138E+00    6.125944E-02
6.158482E+01 160    0.000    0.000        0.000  3618350.626   0.000 TM   -2.026494E+00   -4.196038E+00    4.659766E-02
8.858668E+01 160    0.000    0.000        0.000  3618350.626   0.000 TM   -1.592063E+00   -3.294843E+00    3.659324E-02
1.274275E+02 160    0.000    0.000        0.000  3618350.626   0.000 TM   -1.230592E+00   -2.530281E+00    2.813659E-02
1.832981E+02 160    0.000    0.000        0.000  3618350.626   0.000 TM   -9.528843E-01   -1.937863E+00    2.159468E-02
2.636651E+02 160    0.000    0.000        0.000  3618350.626   0.000 TM   -7.682500E-01   -1.544146E+00    1.724701E-02
3.792690E+02 160    0.000    0.000        0.000  3618350.626   0.000 TM   -5.859330E-01   -1.185566E+00    1.322454E-02
5.455595E+02 160    0.000    0.000        0.000  3618350.626   0.000 TM   -4.416655E-01   -9.210524E-01    1.021472E-02
7.847600E+02 160    0.000    0.000        0.000  3618350.626   0.000 TM   -3.426136E-01   -7.220164E-01    7.991820E-03
1.128838E+03 160    0.000    0.000        0.000  3618350.626   0.000 TM   -2.515524E-01   -5.460032E-01    6.597288E-03
1.623777E+03 160    0.000    0.000        0.000  3618350.626   0.000 TM   -1.891082E-01   -4.252973E-01    6.138714E-03
2.335721E+03 160    0.000    0.000        0.000  3618350.626   0.000 TM   -1.378822E-01   -3.403946E-01    5.244570E-03
3.359818E+03 160    0.000    0.000        0.000  3618350.626   0.000 TM   -1.067610E-01   -2.704212E-01    6.164184E-03
4.832930E+03 160    0.000    0.000        0.000  3618350.626   0.000 TM   -6.673994E-02   -2.102231E-01    8.342103E-03
6.951928E+03 160    0.000    0.000        0.000  3618350.626   0.000 TM   -4.167723E-02   -1.722234E-01    3.904204E-03
1.000000E+04 160    0.000    0.000        0.000  3618350.626   0.000 TM   -1.661959E-02   -1.413021E-01    7.368039E-03
1.000000E+01 163    0.000    0.000        0.000  3677657.071   0.000 TM    5.644960E-01   -2.311841E-13    2.346194E-01
1.438450E+01 163    0.000    0.000        0.000  3677657.071   0.000 TM   -6.990751E+00   -1.948124E+01    2.084969E-01
2.069138E+01 163    0.000    0.000        0.000  3677657.071   0.000 TM   -5.258971E+00   -1.569211E+01    1.654990E-01
2.976351E+01 163    0.000    0.000        0.000  3677657.071   0.000 TM   -4.001152E+00   -1.139868E+01    1.208052E-01
4.281332E+01 163    0.000    0.000        0.000  3677657.071   0.000 TM   -3.249549E+00   -8.090140E+00    8.718367E-02
6.158482E+01 163    0.000    0.000        0.000  3677657.071   0.000 TM   -2.699933E+00   -5.735056E+00    6.338810E-02
8.858668E+01 163    0.000    0.000        0.000  3677657.071   0.000 TM   -2.441884E+00   -4.228577E+00    4.882997E-02
1.274275E+02 163    0.000    0.000        0.000  3677657.071   0.000 TM   -2.297638E+00   -3.117269E+00    3.872532E-02
1.832981E+02 163    0.000    0.000        0.000  3677657.071   0.000 TM   -2.178712E+00   -2.422791E+00    3.258328E-02
2.636651E+02 163    0.000    0.000        0.000  3677657.071   0.000 TM   -2.074231E+00   -2.087965E+00    2.943133E-02
3.792690E+02 163    0.000    0.000        0.000  3677657.071   0.000 TM   -1.794781E+00   -1.851146E+00    2.578368E-02
5.455595E+02 163    0.000    0.000        0.000  3677657.071   0.000 TM   -1.429740E+00   -1.665976E+00    2.195366E-02
7.847600E+02 163    0.000    0.000        0.000  3677657.071   0.000 TM   -1.086226E+00   -1.446672E+00    1.809073E-02
1.128838E+03 163    0.000    0.000        0.000  3677657.071   0.000 TM   -7.791875E-01   -1.213008E+00    1.971961E-02
1.623777E+03 163    0.000    0.000        0.000  3677657.071   0.000 TM   -5.371369E-01   -9.804321E-01    1.546116E-02
2.335721E+03 163    0.000    0.000        0.000  3677657.071   0.000 TM   -3.940174E-01   -8.186294E-01    2.260281E-02
3.359818E+03 163    0.000    0.000        0.000  3677657.071   0.000 TM   -2.789744E-01   -6.479461E-01    1.796293E-02
4.832930E+03 163    0.000    0.000        0.000  3677657.071   0.000 TM   -1.600677E-01   -4.849736E-01    2.727878E-02
6.951928E+03 163    0.000    0.000        0.000  3677657.071   0.000 TM   -1.023656E-01   -4.043133E-01    1.741525E-02
1.000000E+04 163    0.000    0.000        0.000  3677657.071   0.000 TM   -3.455349E-02   -3.301775E-01    2.715062E-02
1.000000E+01 169    0.000    0.000        0.000  3797978.422   0.000 TM   -4.602085E+00    8.962072E-14    9.577618E-02
1.438450E+01 169    0.000    0.000        0.000  3797978.422   0.000 TM   -3.956050E+00   -6.197223E+00    7.352272E-02
2.069138E+01 169    0.000    0.000        0.000  3797978.422   0.000 TM   -3.408631E+00   -4.874494E+00    5.948064E-02
2.976351E+01 169    0.000    0.000        0.000  3797978.422   0.000 TM   -2.916201E+00   -3.698630E+00    4.709999E-02
4.281332E+01 169    0.000    0.000        0.000  3797978.422   0.000 TM   -2.539140E+00   -2.840639E+00    3.810048E-02
6.158482E+01 169    0.000    0.000        0.000  3797978.422   0.000 TM   -2.224585E+00   -2.241343E+00    3.157910E-02
8.858668E+01 169    0.000    0.000        0.000  3797978.422   0.000 TM   -1.955861E+00   -1.870665E+00    2.706433E-02
1.274275E+02 169    0.000    0.000        0.000  3797978.422   0.000 TM   -1.697045E+00   -1.578720E+00    2.317826E-02
1.832981E+02 169    0.000    0.000        0.000  3797978.422   0.000 TM   -1.467818E+00   -1.343529E+00    1.989864E-02
2.636651E+02 169    0.000    0.000        0.000  3797978.422   0.000 TM   -1.256553E+00   -1.163754E+00    1.712673E-02
3.792690E+02 169    0.000    0.000        0.000  3797978.422   0.000 TM   -1.046924E+00   -1.021957E+00    1.463026E-02
5.455595E+02 169    0.000    0.000        0.000  3797978.422   0.000 TM   -8.526025E-01   -8.998171E-01    1.239597E-02
7.847600E+02 169    0.000    0.000        0.000  3797978.422   0.000 TM   -6.917498E-01   -7.846075E-01    1.046005E-02
1.128838E+03 169    0.000    0.000        0.000  3797978.422   0.000 TM   -5.180212E-01   -6.512061E-01    1.191013E-02
1.623777E+03 169    0.000    0.000        0.000  3797978.422   0.000 TM   -4.091860E-01   -5.446934E-01    1.194859E-02
2.335721E+03 169    0.000    0.000        0.000  3797978.422   0.000 TM   -3.174962E-01   -4.691085E-01    1.145866E-02
3.359818E+03 169    0.000    0.000        0.000  3797978.422   0.000 TM   -2.227790E-01   -3.911691E-01    1.223050E-02
4.832930E+03 169    0.000    0.000        0.000  3797978.422   0.000 TM   -1.622387E-01   -3.137520E-01    1.280303E-02
6.951928E+03 169    0.000    0.000        0.000  3797978.422   0.000 TM   -1.027584E-01   -2.717506E-01    1.204736E-02
1.000000E+04 169    0.000    0.000        0.000  3797978.422   0.000 TM   -5.420024E-02   -2.217894E-01    1.873400E-02
1.000000E+01 172    0.000    0.000        0.000  3860672.374   0.000 TM   -1.712990E+00   -2.361262E-13    2.687578E-01
1.438450E+01 172    0.000    0.000        0.000  3860672.374   0.000 TM   -3.423130E+00   -7.891204E+00    1.085455E-01
2.069138E+01 172    0.000    0.000        0.000  3860672.374   0.000 TM   -2.714520E+00   -5.965472E+00    1.028979E-01
2.976351E+01 172    0.000    0.000        0.000  3860672.374   0.000 TM   -2.212757E+00   -4.343923E+00    6.101899E-02
4.281332E+01 172    0.000    0.000        0.000  3860672.374   0.000 TM   -1.936119E+00   -3.160323E+00    3.706238E-02
6.158482E+01 172    0.000    0.000        0.000  3860672.374   0.000 TM   -1.743846E+00   -2.286273E+00    2.875421E-02
8.858668E+01 172    0.000    0.000        0.000  3860672.374   0.000 TM   -1.631562E+00   -1.764883E+00    2.403499E-02
1.274275E+02 172    0.000    0.000        0.000  3860672.374   0.000 TM   -1.529908E+00   -1.387614E+00    2.065452E-02
1.832981E+02 172    0.000    0.000        0.000  3860672.374   0.000 TM   -1.417166E+00   -1.152064E+00    1.826365E-02
2.636651E+02 172    0.000    0.000        0.000  3860672.374   0.000 TM   -1.295945E+00   -1.007237E+00    1.641341E-02
3.792690E+02 172    0.000    0.000        0.000  3860672.374   0.000 TM   -1.129942E+00   -9.135493E-01    1.453045E-02
5.455595E+02 172    0.000    0.000        0.000  3860672.374   0.000 TM   -9.547803E-01   -8.419679E-01    1.272995E-02
7.847600E+02 172    0.000    0.000        0.000  3860672.374   0.000 TM   -7.941960E-01   -7.645111E-01    1.102372E-02
1.128838E+03 172    0.000    0.000        0.000  3860672.374   0.000 TM   -6.069838E-01   -6.617920E-01    8.979967E-03
1.623777E+03 172    0.000    0.000        0.000  3860672.374   0.000 TM   -4.826570E-01   -5.670627E-01    7.446596E-03
2.335721E+03 172    0.000    0.000        0.000  3860672.374   0.000 TM   -3.741532E-01   -4.892794E-01    8.238766E-03
3.359818E+03 172    0.000    0.000        0.000  3860672.374   0.000 TM   -2.774354E-01   -4.229379E-01    8.559996E-03
4.832930E+03 172    0.000    0.000        0.000  3860672.374   0.000 TM   -1.896296E-01   -3.480853E-01    7.873570E-03
6.951928E+03 172    0.000    0.000        0.000  3860672.374   0.000 TM   -1.234447E-01   -3.011483E-01    7.426323E-03
1.000000E+04 172    0.000    0.000        0.000  3860672.374   0.000 TM   -6.344239E-02   -2.234546E-01    1.340903E-02
1.000000E+01 175    0.000    0.000        0.000  3922937.302   0.000 TM   -1.649502E+00    4.806639E-13    2.308198E-01
1.438450E+01 175    0.000    0.000        0.000  3922937.302   0.000 TM   -3.254716E+00   -8.474630E+00    9.078135E-02
2.069138E+01 175    0.000    0.000        0.000  3922937.302   0.000 TM   -2.686647E+00   -6.649947E+00    7.172159E-02
2.976351E+01 175    0.000    0.000        0.000  3922937.302   0.000 TM   -2.040867E+00   -5.047672E+00    5.444642E-02
4.281332E+01 175    0.000    0.000        0.000  3922937.302   0.000 TM   -1.636646E+00   -3.943856E+00    4.269966E-02
6.158482E+01 175    0.000    0.000        0.000  3922937.302   0.000 TM   -1.196739E+00   -2.955338E+00    3.188449E-02
8.858668E+01 175    0.000    0.000        0.000  3922937.302   0.000 TM   -9.071478E-01   -2.296592E+00    2.469262E-02
1.274275E+02 175    0.000    0.000        0.000  3922937.302   0.000 TM   -6.998229E-01   -1.755970E+00    1.890287E-02
1.832981E+02 175    0.000    0.000        0.000  3922937.302   0.000 TM   -4.957593E-01   -1.273380E+00    1.366483E-02
2.636651E+02 175    0.000    0.000        0.000  3922937.302   0.000 TM   -3.995266E-01   -1.007037E+00    1.083396E-02
3.792690E+02 175    0.000    0.000        0.000  3922937.302   0.000 TM   -3.023338E-01   -7.822894E-01    8.770780E-03
5.455595E+02 175    0.000    0.000        0.000  3922937.302   0.000 TM   -2.112206E-01   -6.016826E-01    1.706661E-02
7.847600E+02 175    0.000    0.000        0.000  3922937.302   0.000 TM   -1.455157E-01   -4.363355E-01    2.778266E-02
1.128838E+03 175    0.000    0.000        0.000  3922937.302   0.000 TM   -1.393446E-01   -3.344394E-01    3.250983E-02
1.623777E+03 175    0.000    0.000        0.000  3922937.302   0.000 TM   -1.050369E-01   -3.285394E-01    3.181579E-02
2.335721E+03 175    0.000    0.000        0.000  3922937.302   0.000 TM   -2.383036E-02   -2.158352E-01    3.387125E-02
3.359818E+03 175    0.000    0.000        0.000  3922937.302   0.000 TM   -1.582520E-02   -1.342415E-01    3.808214E-02
4.832930E+03 175    0.000    0.000        0.000  3922937.302   0.000 TM   -1.376227E-02   -1.129121E-01    4.409395E-02
6.951928E+03 175    0.000    0.000        0.000  3922937.302   0.000 TM    6.859657E-02   -9.109157E-02    5.771251E-02
1.000000E+04 175    0.000    0.000        0.000  3922937.302   0.000 TM    1.709087E-03   -4.437202E-02    4.478889E-02

